   24.0000  183.3538
   24.0214  183.0113
   24.0428  182.6694
   24.1940  180.2716
   24.3451  177.9036
   24.4945  175.5926
   24.6438  173.3095
   24.8910  169.5902
   25.1383  165.9439
   25.8331  156.0706
   26.5280  146.7145
   27.2344  137.6917
   27.9409  129.1251
   28.7067  120.3151
   29.4725  111.9629
   30.7897   98.5693
   32.1068   86.2745
   33.7595   72.2052
   35.4121   59.4491
   37.3608   45.8574
   39.3096   33.6133
   41.8123   19.5628
   44.3150    7.0993
   51.2512  -21.0812
   58.1873  -42.5433
   60.6412  -48.9606
   63.0952  -54.8788
   64.8578  -58.8534
   66.6205  -62.6176
   68.0733  -65.5736
   69.5261  -68.4061
   70.5309  -70.2969
   71.5357  -72.1345
   72.0714  -73.0933
   72.6071  -74.0380
   73.0735  -74.8492
   73.5400  -75.6501
   73.7227  -75.9611
   73.9054  -76.2705
   74.0272  -76.4759
   74.1489  -76.6805
   74.1753  -76.7248
   74.2017  -76.7691
   74.2332  -76.8219
   74.2647  -76.8746
   74.2791  -76.8987
   74.2935  -76.9228
   74.2968  -76.9282
   74.3000  -76.9336
