  24.0000000000   0.0000000000
  24.0214000000   1.1805926742
  24.0428000000   2.2726000000
  24.1939500000   5.9255029889
  24.3451000000   6.0237000000
  24.4944500000   6.7700817109
  24.6438000000   8.1315000000
  24.8910500000   9.7680684051
  25.1383000000  10.7108000000
  25.8331500000  12.4513536023
  26.5280000000  13.5181000000
  27.2344500000  14.2455683497
  27.9409000000  14.7633000000
  28.7067000000  15.1880723981
  29.4725000000  15.4957000000
  30.7896500000  15.7738789225
  32.1068000000  15.7861000000
  33.7594500000  15.5324436784
  35.4121000000  15.1510000000
  37.3608500000  14.7376621587
  39.3096000000  14.3592000000
  41.8123000000  13.8579374119
  44.3150000000  13.3423000000
  51.2511500000  11.9275216715
  58.1873000000  10.5240000000
  60.6412500000  10.0251100182
  63.0952000000   9.5269000000
  64.8578500000   9.1702139854
  66.6205000000   8.8107000000
  68.0733000000   8.5115208504
  69.5261000000   8.2204000000
  70.5309000000   8.0252757524
  71.5357000000   7.8121000000
  72.0714000000   7.6603488249
  72.6071000000   7.3653000000
  73.0735500000   6.9207588910
  73.5400000000   6.3660000000
  73.7227000000   6.0646237106
  73.9054000000   5.3162000000
  74.0271500000   4.4051825404
  74.1489000000   3.2997000000
  74.1753000000   3.0358353898
  74.2017000000   2.6654000000
  74.2332000000   2.0456447302
  74.2647000000   1.6038000000
  74.2791000000   1.4585078842
  74.2935000000   0.6931000000
  74.2967500000   0.3640994844
  74.3000000000   0.0000000000
