    0.000000    0.000000    0.693147
    0.030000    0.028761    0.723147
    0.060000    0.055456    0.753147
    0.090000    0.080633    0.783147
    0.120000    0.104758    0.813147
    0.150000    0.128234    0.843147
    0.180000    0.151404    0.873147
    0.210000    0.174566    0.903147
    0.240000    0.197980    0.933147
    0.270000    0.221872    0.963147
    0.300000    0.246440    0.993147
    0.330000    0.271860    1.023147
    0.360000    0.298288    1.053147
    0.390000    0.325862    1.083147
    0.420000    0.354706    1.113147
    0.450000    0.384933    1.143147
    0.480000    0.416641    1.173147
    0.510000    0.449921    1.203147
    0.540000    0.484853    1.233147
    0.570000    0.521508    1.263147
    0.600000    0.559951    1.293147
    0.630000    0.600237    1.323147
    0.660000    0.642415    1.353147
    0.690000    0.686525    1.383147
    0.720000    0.732601    1.413147
    0.750000    0.780670    1.443147
    0.780000    0.830751    1.473147
    0.810000    0.882856    1.503147
    0.840000    0.936991    1.533147
    0.870000    0.993152    1.563147
    0.900000    1.051330    1.593147
    0.930000    1.111509    1.623147
    0.960000    1.173664    1.653147
    0.990000    1.237765    1.683147
    1.020000    1.303773    1.713147
    1.050000    1.371643    1.743147
    1.080000    1.441321    1.773147
    1.110000    1.512750    1.803147
    1.140000    1.585862    1.833147
    1.170000    1.660585    1.863147
    1.200000    1.736840    1.893147
    1.230000    1.814543    1.923147
    1.260000    1.893602    1.953147
    1.290000    1.973920    1.983147
    1.320000    2.055397    2.013147
    1.350000    2.137926    2.043147
    1.380000    2.221395    2.073147
    1.410000    2.305690    2.103147
    1.440000    2.390691    2.133147
    1.470000    2.476276    2.163147
    1.500000    2.562319    2.193147
    1.530000    2.648693    2.223147
    1.560000    2.735268    2.253147
    1.590000    2.821912    2.283147
    1.620000    2.908493    2.313147
    1.650000    2.994877    2.343147
    1.680000    3.080931    2.373147
    1.710000    3.166520    2.403147
    1.740000    3.251512    2.433147
    1.770000    3.335776    2.463147
    1.800000    3.419179    2.493147
    1.830000    3.501595    2.523147
    1.860000    3.582895    2.553147
    1.890000    3.662957    2.583147
    1.920000    3.741660    2.613147
    1.950000    3.818885    2.643147
    1.980000    3.894520    2.673147
    2.010000    3.968453    2.703147
    2.040000    4.040580    2.733147
    2.070000    4.110798    2.763147
    2.100000    4.179011    2.793147
    2.130000    4.245128    2.823147
    2.160000    4.309060    2.853147
    2.190000    4.370728    2.883147
    2.220000    4.430055    2.913147
    2.250000    4.486970    2.943147
    2.280000    4.541408    2.973147
    2.310000    4.593310    3.003147
    2.340000    4.642623    3.033147
    2.370000    4.689298    3.063147
    2.400000    4.733294    3.093147
    2.430000    4.774574    3.123147
    2.460000    4.813107    3.153147
    2.490000    4.848869    3.183147
    2.520000    4.881840    3.213147
    2.550000    4.912007    3.243147
    2.580000    4.939360    3.273147
    2.610000    4.963897    3.303147
    2.640000    4.985619    3.333147
    2.670000    5.004534    3.363147
    2.700000    5.020654    3.393147
    2.730000    5.033994    3.423147
    2.760000    5.044577    3.453147
    2.790000    5.052428    3.483147
    2.820000    5.057575    3.513147
    2.850000    5.060054    3.543147
    2.880000    5.059901    3.573147
    2.910000    5.057157    3.603147
    2.940000    5.051866    3.633147
    2.970000    5.044077    3.663147
    3.000000    5.033839    3.693147
    3.030000    5.021207    3.723147
    3.060000    5.006234    3.753147
    3.090000    4.988980    3.783147
    3.120000    4.969505    3.813147
    3.150000    4.947871    3.843147
    3.180000    4.924141    3.873147
    3.210000    4.898382    3.903147
    3.240000    4.870659    3.933147
    3.270000    4.841041    3.963147
    3.300000    4.809596    3.993147
    3.330000    4.776395    4.023147
    3.360000    4.741506    4.053147
    3.390000    4.705001    4.083147
    3.420000    4.666950    4.113147
    3.450000    4.627425    4.143147
    3.480000    4.586497    4.173147
    3.510000    4.544235    4.203147
    3.540000    4.500712    4.233147
    3.570000    4.455997    4.263147
    3.600000    4.410159    4.293147
    3.630000    4.363267    4.323147
    3.660000    4.315390    4.353147
    3.690000    4.266594    4.383147
    3.720000    4.216946    4.413147
    3.750000    4.166512    4.443147
    3.780000    4.115354    4.473147
    3.810000    4.063537    4.503147
    3.840000    4.011121    4.533147
    3.870000    3.958167    4.563147
    3.900000    3.904734    4.593147
    3.930000    3.850880    4.623147
    3.960000    3.796659    4.653147
    3.990000    3.742128    4.683147
    4.020000    3.687338    4.713147
    4.050000    3.632342    4.743147
    4.080000    3.577188    4.773147
    4.110000    3.521926    4.803147
    4.140000    3.466601    4.833147
    4.170000    3.411259    4.863147
    4.200000    3.355942    4.893147
    4.230000    3.300693    4.923147
    4.260000    3.245552    4.953147
    4.290000    3.190556    4.983147
    4.320000    3.135743    5.013147
    4.350000    3.081148    5.043147
    4.380000    3.026803    5.073147
    4.410000    2.972743    5.103147
    4.440000    2.918996    5.133147
    4.470000    2.865591    5.163147
    4.500000    2.812557    5.193147
    4.530000    2.759918    5.223147
    4.560000    2.707700    5.253147
    4.590000    2.655925    5.283147
    4.620000    2.604616    5.313147
    4.650000    2.553791    5.343147
    4.680000    2.503471    5.373147
    4.710000    2.453673    5.403147
    4.740000    2.404413    5.433147
    4.770000    2.355706    5.463147
    4.800000    2.307567    5.493147
    4.830000    2.260008    5.523147
    4.860000    2.213041    5.553147
    4.890000    2.166676    5.583147
    4.920000    2.120924    5.613147
    4.950000    2.075791    5.643147
    4.980000    2.031287    5.673147
    5.010000    1.987418    5.703147
    5.040000    1.944189    5.733147
    5.070000    1.901605    5.763147
    5.100000    1.859670    5.793147
    5.130000    1.818388    5.823147
    5.160000    1.777761    5.853147
    5.190000    1.737790    5.883147
    5.220000    1.698477    5.913147
    5.250000    1.659821    5.943147
    5.280000    1.621824    5.973147
    5.310000    1.584483    6.003147
    5.340000    1.547797    6.033147
    5.370000    1.511765    6.063147
    5.400000    1.476383    6.093147
    5.430000    1.441649    6.123147
    5.460000    1.407559    6.153147
    5.490000    1.374109    6.183147
    5.520000    1.341296    6.213147
    5.550000    1.309113    6.243147
    5.580000    1.277557    6.273147
    5.610000    1.246622    6.303147
    5.640000    1.216302    6.333147
    5.670000    1.186591    6.363147
    5.700000    1.157483    6.393147
    5.730000    1.128971    6.423147
    5.760000    1.101049    6.453147
    5.790000    1.073710    6.483147
    5.820000    1.046947    6.513147
    5.850000    1.020752    6.543147
    5.880000    0.995118    6.573147
    5.910000    0.970037    6.603147
    5.940000    0.945502    6.633147
    5.970000    0.921505    6.663147
    6.000000    0.898038    6.693147
    6.030000    0.875093    6.723147
    6.060000    0.852662    6.753147
    6.090000    0.830737    6.783147
    6.120000    0.809310    6.813147
    6.150000    0.788372    6.843147
    6.180000    0.767915    6.873147
    6.210000    0.747932    6.903147
    6.240000    0.728414    6.933147
    6.270000    0.709353    6.963147
    6.300000    0.690740    6.993147
    6.330000    0.672567    7.023147
    6.360000    0.654827    7.053147
    6.390000    0.637511    7.083147
    6.420000    0.620611    7.113147
    6.450000    0.604120    7.143147
    6.480000    0.588028    7.173147
    6.510000    0.572329    7.203147
    6.540000    0.557014    7.233147
    6.570000    0.542077    7.263147
    6.600000    0.527508    7.293147
    6.630000    0.513300    7.323147
    6.660000    0.499447    7.353147
    6.690000    0.485940    7.383147
    6.720000    0.472772    7.413147
    6.750000    0.459936    7.443147
    6.780000    0.447425    7.473147
    6.810000    0.435232    7.503147
    6.840000    0.423349    7.533147
    6.870000    0.411770    7.563147
    6.900000    0.400488    7.593147
    6.930000    0.389497    7.623147
    6.960000    0.378789    7.653147
    6.990000    0.368359    7.683147
    7.020000    0.358200    7.713147
    7.050000    0.348305    7.743147
    7.080000    0.338670    7.773147
    7.110000    0.329286    7.803147
    7.140000    0.320150    7.833147
    7.170000    0.311254    7.863147
    7.200000    0.302593    7.893147
    7.230000    0.294162    7.923147
    7.260000    0.285955    7.953147
    7.290000    0.277966    7.983147
    7.320000    0.270191    8.013147
    7.350000    0.262624    8.043147
    7.380000    0.255259    8.073147
    7.410000    0.248093    8.103147
    7.440000    0.241119    8.133147
    7.470000    0.234334    8.163147
    7.500000    0.227732    8.193147
    7.530000    0.221310    8.223147
    7.560000    0.215061    8.253147
    7.590000    0.208983    8.283147
    7.620000    0.203071    8.313147
    7.650000    0.197320    8.343147
    7.680000    0.191726    8.373147
    7.710000    0.186286    8.403147
    7.740000    0.180995    8.433147
    7.770000    0.175850    8.463147
    7.800000    0.170846    8.493147
    7.830000    0.165981    8.523147
    7.860000    0.161250    8.553147
    7.890000    0.156650    8.583147
    7.920000    0.152178    8.613147
    7.950000    0.147830    8.643147
    7.980000    0.143603    8.673147
    8.010000    0.139493    8.703147
    8.040000    0.135498    8.733147
    8.070000    0.131615    8.763147
    8.100000    0.127840    8.793147
    8.130000    0.124171    8.823147
    8.160000    0.120605    8.853147
    8.190000    0.117139    8.883147
    8.220000    0.113770    8.913147
    8.250000    0.110497    8.943147
    8.280000    0.107315    8.973147
    8.310000    0.104223    9.003147
    8.340000    0.101218    9.033147
    8.370000    0.098299    9.063147
    8.400000    0.095462    9.093147
    8.430000    0.092705    9.123147
    8.460000    0.090026    9.153147
    8.490000    0.087424    9.183147
    8.520000    0.084895    9.213147
    8.550000    0.082438    9.243147
    8.580000    0.080051    9.273147
    8.610000    0.077732    9.303147
    8.640000    0.075480    9.333147
    8.670000    0.073291    9.363147
    8.700000    0.071165    9.393147
    8.730000    0.069100    9.423147
    8.760000    0.067094    9.453147
    8.790000    0.065145    9.483147
    8.820000    0.063252    9.513147
    8.850000    0.061413    9.543147
    8.880000    0.059627    9.573147
    8.910000    0.057892    9.603147
    8.940000    0.056208    9.633147
    8.970000    0.054571    9.663147
    9.000000    0.052982    9.693147
    9.030000    0.051438    9.723147
    9.060000    0.049939    9.753147
    9.090000    0.048483    9.783147
    9.120000    0.047069    9.813147
    9.150000    0.045696    9.843147
    9.180000    0.044362    9.873147
    9.210000    0.043067    9.903147
    9.240000    0.041810    9.933147
    9.270000    0.040589    9.963147
    9.300000    0.039403    9.993147
    9.330000    0.038251   10.023147
    9.360000    0.037133   10.053147
    9.390000    0.036047   10.083147
    9.420000    0.034993   10.113147
    9.450000    0.033969   10.143147
    9.480000    0.032975   10.173147
    9.510000    0.032010   10.203147
    9.540000    0.031073   10.233147
    9.570000    0.030163   10.263147
    9.600000    0.029279   10.293147
    9.630000    0.028422   10.323147
    9.660000    0.027589   10.353147
    9.690000    0.026780   10.383147
    9.720000    0.025995   10.413147
    9.750000    0.025233   10.443147
    9.780000    0.024493   10.473147
    9.810000    0.023775   10.503147
    9.840000    0.023077   10.533147
    9.870000    0.022400   10.563147
    9.900000    0.021742   10.593147
    9.930000    0.021104   10.623147
    9.960000    0.020485   10.653147
    9.990000    0.019883   10.683147
   10.020000    0.019299   10.713147
   10.050000    0.018732   10.743147
   10.080000    0.018182   10.773147
   10.110000    0.017648   10.803147
   10.140000    0.017129   10.833147
   10.170000    0.016626   10.863147
   10.200000    0.016137   10.893147
   10.230000    0.015663   10.923147
   10.260000    0.015202   10.953147
   10.290000    0.014755   10.983147
   10.320000    0.014321   11.013147
   10.350000    0.013900   11.043147
   10.380000    0.013491   11.073147
   10.410000    0.013094   11.103147
   10.440000    0.012709   11.133147
   10.470000    0.012335   11.163147
   10.500000    0.011972   11.193147
   10.530000    0.011620   11.223147
   10.560000    0.011278   11.253147
   10.590000    0.010946   11.283147
   10.620000    0.010623   11.313147
   10.650000    0.010311   11.343147
   10.680000    0.010007   11.373147
   10.710000    0.009712   11.403147
   10.740000    0.009426   11.433147
   10.770000    0.009149   11.463147
   10.800000    0.008879   11.493147
   10.830000    0.008618   11.523147
   10.860000    0.008364   11.553147
   10.890000    0.008117   11.583147
   10.920000    0.007878   11.613147
   10.950000    0.007646   11.643147
   10.980000    0.007421   11.673147
   11.010000    0.007202   11.703147
   11.040000    0.006990   11.733147
   11.070000    0.006783   11.763147
   11.100000    0.006584   11.793147
   11.130000    0.006389   11.823147
   11.160000    0.006201   11.853147
   11.190000    0.006018   11.883147
   11.220000    0.005841   11.913147
   11.250000    0.005669   11.943147
   11.280000    0.005501   11.973147
   11.310000    0.005339   12.003147
   11.340000    0.005182   12.033147
   11.370000    0.005029   12.063147
   11.400000    0.004880   12.093147
   11.430000    0.004737   12.123147
   11.460000    0.004597   12.153147
   11.490000    0.004461   12.183147
   11.520000    0.004330   12.213147
   11.550000    0.004202   12.243147
   11.580000    0.004078   12.273147
   11.610000    0.003958   12.303147
   11.640000    0.003841   12.333147
   11.670000    0.003727   12.363147
   11.700000    0.003617   12.393147
   11.730000    0.003511   12.423147
   11.760000    0.003407   12.453147
   11.790000    0.003307   12.483147
   11.820000    0.003209   12.513147
   11.850000    0.003114   12.543147
   11.880000    0.003022   12.573147
   11.910000    0.002933   12.603147
   11.940000    0.002847   12.633147
   11.970000    0.002762   12.663147
   12.000000    0.002681   12.693147
   12.030000    0.002602   12.723147
   12.060000    0.002525   12.753147
   12.090000    0.002450   12.783147
   12.120000    0.002378   12.813147
   12.150000    0.002308   12.843147
   12.180000    0.002240   12.873147
   12.210000    0.002174   12.903147
   12.240000    0.002109   12.933147
   12.270000    0.002047   12.963147
   12.300000    0.001987   12.993147
   12.330000    0.001928   13.023147
   12.360000    0.001871   13.053147
   12.390000    0.001816   13.083147
   12.420000    0.001762   13.113147
   12.450000    0.001710   13.143147
   12.480000    0.001660   13.173147
   12.510000    0.001611   13.203147
   12.540000    0.001563   13.233147
   12.570000    0.001517   13.263147
   12.600000    0.001472   13.293147
   12.630000    0.001429   13.323147
   12.660000    0.001386   13.353147
   12.690000    0.001346   13.383147
   12.720000    0.001306   13.413147
   12.750000    0.001267   13.443147
   12.780000    0.001230   13.473147
   12.810000    0.001193   13.503147
   12.840000    0.001158   13.533147
   12.870000    0.001124   13.563147
   12.900000    0.001091   13.593147
   12.930000    0.001059   13.623147
   12.960000    0.001027   13.653147
   12.990000    0.000997   13.683147
   13.000000    0.000987   13.693147
