   0.0000000000000000        22.997063440934543        38.531099492390453        50.074837833599915        58.782472092462207        65.104476409723631        69.224639786994175        71.187898160157047        70.916633405345877        68.129059521961366        62.011241118542948        49.943139701196785        42.032979716756650        35.649776474336804        29.955623327281245        24.626547958722036        19.513455632749913        14.536716147781627        9.6474458038019488        4.8111436201700455        0.0000000000000000     
   0.0000000000000000        16.737315411032139        30.543509065210948        41.518246748655400        50.008113974933465        56.244883466768037        60.348264100002446        62.354902424204347        62.227874980442245        59.849304655153887        55.042183385299111        47.919273631260168        41.322553687391078        35.354946408704421        29.818200153100140        24.557984041770030        19.478050028031664        14.518290733156668        9.6381877721603715        4.8072843871385462        0.0000000000000000     
   0.0000000000000000        13.426165688698598        25.421896044160430        35.497239868640698        43.552507415190526        49.597652556507768        53.658974343952295        55.755057856337444        55.896833458683396        54.108346479263233        50.500515655823087        45.479427044187418        40.089119676131432        34.728645284087932        29.494478264779278        24.387993235908574        19.388011336017602        14.470827296391381        9.6141822616086792        4.7972462536224967        0.0000000000000000     
   0.0000000000000000        11.562927850317701        22.255190989486003        31.547023014319215        39.172677084021295        45.013218174217116        49.025266484870400        51.209006598632712        51.602228540310101        50.296977893743978        47.483707234126740        43.519008506567843        38.931957372148887        34.075426750834403        29.133305816154547        24.190354509750875        19.280716415305641        14.413443166520958        9.5849198213250002        4.7849584631414919        0.0000000000000000     
   0.0000000000000000        10.587831273802724        20.523438484541462        29.313697862891363        36.643613555700902        42.336249745565262        46.310210444589003        48.552958913136855        49.112270231800927        48.103875067628096        45.729928399954723        42.291151668843128        38.150379238352230        33.607188495044696        28.863195169386973        24.038257780317686        19.196598280500002        14.367927444800188        9.5615474910933056        4.7751078750171949        0.0000000000000000     
   0.0000000000000000        10.282435311067607        19.971555247380852        28.591430144767305        35.817483353668820        41.456929981849065        45.416710256691879        47.679833777647993        48.296192427748814        47.386569491364973        45.152581148805282        41.875499823530035        37.877324100662236        33.439142785704327        28.764260016164972        23.981738370315316        19.165033113143338        14.350739152825076        9.5526869202950540        4.7713656432327207        0.0000000000000000     
   0.0000000000000000        10.587831273802724        20.523438484541462        29.313697862891360        36.643613555700895        42.336249745565254        46.310210444588996        48.552958913136848        49.112270231800927        48.103875067628096        45.729928399954723        42.291151668843128        38.150379238352230        33.607188495044689        28.863195169386969        24.038257780317682        19.196598280500002        14.367927444800188        9.5615474910933038        4.7751078750171940        0.0000000000000000     
   0.0000000000000000        11.562927850317701        22.255190989486003        31.547023014319212        39.172677084021288        45.013218174217116        49.025266484870393        51.209006598632705        51.602228540310101        50.296977893743971        47.483707234126740        43.519008506567843        38.931957372148887        34.075426750834396        29.133305816154540        24.190354509750872        19.280716415305637        14.413443166520954        9.5849198213249966        4.7849584631414901        0.0000000000000000     
   0.0000000000000000        13.426165688698598        25.421896044160430        35.497239868640698        43.552507415190519        49.597652556507768        53.658974343952288        55.755057856337430        55.896833458683389        54.108346479263226        50.500515655823087        45.479427044187410        40.089119676131425        34.728645284087925        29.494478264779271        24.387993235908567        19.388011336017595        14.470827296391375        9.6141822616086756        4.7972462536224949        0.0000000000000000     
   0.0000000000000000        16.737315411032139        30.543509065210948        41.518246748655400        50.008113974933465        56.244883466768030        60.348264100002439        62.354902424204333        62.227874980442230        59.849304655153880        55.042183385299104        47.919273631260161        41.322553687391071        35.354946408704414        29.818200153100133        24.557984041770027        19.478050028031660        14.518290733156663        9.6381877721603697        4.8072843871385453        0.0000000000000000     
   0.0000000000000000        22.997063440934543        38.531099492390453        50.074837833599915        58.782472092462207        65.104476409723631        69.224639786994160        71.187898160157033        70.916633405345863        68.129059521961366        62.011241118542941        49.943139701196777        42.032979716756643        35.649776474336797        29.955623327281238        24.626547958722032        19.513455632749910        14.536716147781624        9.6474458038019471        4.8111436201700446        0.0000000000000000     
