   0.0000000000000000        18.519782252931630        29.714956065028112        37.190424342983491        42.220511410148163        45.358836832862053        46.871583888348958        46.862953916863518        45.290559106146546        41.884326912100256        35.820295090405793        24.449430544075842        17.835436913535681        13.291037152788279        9.9139799385691827        7.3112713198672648        5.2629074603683916        3.6185075789082477        2.2598338724172522        1.0848858849072121        0.0000000000000000     
   0.0000000000000000        12.260048170690716        21.727392968762782        28.633872880003853        33.446203655510395        36.499303082446922        37.995274066158707        38.030028437791763        36.601873048558119        33.604644349743374        28.851307624211131        22.425630993507394        17.125072247604152        12.996262198493271        9.7766048245360277        7.2427478745356142        5.2275344138877449        3.6001066407053623        2.2505921678087941        1.0810348144547297        0.0000000000000000     
   0.0000000000000000        8.9489349638095934        16.605851500974609        22.612969731640035        26.990728947527785        29.852227140271033        31.306156746397530        31.430367804826776        30.271020986890900        27.863875469362672        24.309823856258785        19.985958556401130        15.891798887901238        12.370105357231893        9.4530087593159973        7.0728630247523494        5.1375809604462637        3.5527072840451757        2.2266294019849542        1.0710180508480849        0.0000000000000000     
   0.0000000000000000        7.0857422610102407        13.439234890996680        18.662881096690821        22.611061594097844        25.267984309066552        26.672662030290439        26.884543903163795        25.976650254069625        24.052740865961276        21.293242823510624        18.025755279978775        14.734835160163467        11.717065168013649        9.0919918365970300        6.8753552675095460        5.0303914004044419        3.4954023615407084        2.1974197970905323        1.0587566750277715        0.0000000000000000     
   0.0000000000000000        6.1106821999475400        11.707553939314655        16.429659676914426        20.082129917538129        22.591170848498280        23.957778426297192        24.228680152568725        23.486881405651197        21.859827335354716        19.539647950862296        16.798072592220041        13.953417677923140        11.248971195579406        8.8220070129305608        6.7233644941542448        4.9463585041715117        3.4499507199251251        2.1740902115866221        1.0489274568128628        0.0000000000000000     
   0.0000000000000000        5.8053001848740706        11.155698033068163        15.707431580755379        19.256050078397035        21.711910277322811        23.064344103201083        23.355625273960005        22.670875968913943        21.142594063541754        18.962370966761963        16.382487266275099        13.680423903667322        11.080980597576783        8.7231199198565292        6.6668855557723399        4.9148258950525108        3.4327869043721639        2.1652459678215403        1.0451933876074031        0.0000000000000000     
   0.0000000000000000        6.1106821999475400        11.707553939314655        16.429659676914426        20.082129917538129        22.591170848498280        23.957778426297192        24.228680152568725        23.486881405651197        21.859827335354716        19.539647950862296        16.798072592220041        13.953417677923140        11.248971195579406        8.8220070129305590        6.7233644941542439        4.9463585041715108        3.4499507199251251        2.1740902115866221        1.0489274568128628        0.0000000000000000     
   0.0000000000000000        7.0857422610102416        13.439234890996680        18.662881096690821        22.611061594097844        25.267984309066552        26.672662030290439        26.884543903163795        25.976650254069625        24.052740865961276        21.293242823510624        18.025755279978775        14.734835160163467        11.717065168013649        9.0919918365970283        6.8753552675095451        5.0303914004044410        3.4954023615407079        2.1974197970905323        1.0587566750277715        0.0000000000000000     
   0.0000000000000000        8.9489349638095952        16.605851500974609        22.612969731640035        26.990728947527785        29.852227140271033        31.306156746397530        31.430367804826773        30.271020986890896        27.863875469362668        24.309823856258785        19.985958556401130        15.891798887901237        12.370105357231891        9.4530087593159955        7.0728630247523485        5.1375809604462637        3.5527072840451757        2.2266294019849542        1.0710180508480849        0.0000000000000000     
   0.0000000000000000        12.260048170690716        21.727392968762782        28.633872880003853        33.446203655510388        36.499303082446922        37.995274066158707        38.030028437791756        36.601873048558119        33.604644349743374        28.851307624211131        22.425630993507394        17.125072247604152        12.996262198493270        9.7766048245360277        7.2427478745356142        5.2275344138877449        3.6001066407053623        2.2505921678087941        1.0810348144547297        0.0000000000000000     
   0.0000000000000000        18.519782252931630        29.714956065028112        37.190424342983491        42.220511410148163        45.358836832862053        46.871583888348958        46.862953916863518        45.290559106146546        41.884326912100256        35.820295090405793        24.449430544075842        17.835436913535681        13.291037152788277        9.9139799385691809        7.3112713198672648        5.2629074603683916        3.6185075789082477        2.2598338724172522        1.0848858849072121        0.0000000000000000     
