   0.0000000000000000        23.405631949443652        39.338163005154072        51.260498676506202        60.317500824495070        66.951034929447403        71.337217006365776        73.514434817249608        73.399807910320988        70.707702785474211        64.621845193890550        52.521422852009970        44.515469246672673        37.975370344142057        32.067092233726044        26.471941129270345        21.047376051855711        15.721434203400541        10.453824341506438        5.2193520159795392        0.0000000000000000     
   0.0000000000000000        17.145883919541248        31.350572577974571        42.703907591561702        51.543142706966357        58.091441986491809        62.460841319374019        64.681439081296872        64.711049485417433        62.427947918666732        57.652787460646998        50.497556782073353        43.805043217307080        37.680540278509675        31.929669059544754        26.403377212318340        21.011970447137461        15.703008788775577        10.444566309864859        5.2154927829480400        0.0000000000000000     
   0.0000000000000000        13.834734197207712        26.228959556924057        36.682900711547006        45.087536147223425        51.444211076231561        55.771551563323897        58.081594513430005        58.380007963658549        56.686989742776056        53.111119731170973        48.057710195000595        42.571609206047412        37.054239153893100        31.605947171223718        26.233386406456869        20.921931755123385        15.655545352010286        10.420560799313167        5.2054546494319895        0.0000000000000000     
   0.0000000000000000        11.971496358826821        23.062254502249626        32.732683857225531        40.707705816054215        46.859776693940930        51.137843704242023        53.535543255725308        54.085403045285268        52.875621157256809        50.094311309474627        46.097291657381021        41.414446902064867        36.401020620639571        31.244774722598983        26.035747680299171        20.814636834411424        15.598161222139860        10.391298359029481        5.1931668589509803        0.0000000000000000     
   0.0000000000000000        10.996399782311844        21.330501997305088        30.499358705797704        38.178642287733830        44.182808265289097        48.422787663960655        50.879495570229487        51.595444736776102        50.682518331140933        48.340532475302616        44.869434819656306        40.632868768268203        35.932782364849864        30.974664075831406        25.883650950865977        20.730518699605781        15.552645500419086        10.367926028797783        5.1833162708266816        0.0000000000000000     
   0.0000000000000000        10.691003819576729        20.778618760144479        29.777090987673663        37.352512085701754        43.303488501572900        47.529287476063523        50.006370434740624        50.779366932724002        49.965212754877818        47.763185224153169        44.453782974343206        40.359813630578209        35.764736655509488        30.875728922609401        25.827131540863608        20.698953532249117        15.535457208443976        10.359065457999533        5.1795740390422074        0.0000000000000000     
   0.0000000000000000        10.996399782311844        21.330501997305088        30.499358705797704        38.178642287733830        44.182808265289090        48.422787663960648        50.879495570229480        51.595444736776102        50.682518331140933        48.340532475302616        44.869434819656306        40.632868768268203        35.932782364849864        30.974664075831406        25.883650950865977        20.730518699605781        15.552645500419086        10.367926028797783        5.1833162708266816        0.0000000000000000     
   0.0000000000000000        11.971496358826821        23.062254502249626        32.732683857225531        40.707705816054208        46.859776693940930        51.137843704242023        53.535543255725301        54.085403045285268        52.875621157256809        50.094311309474627        46.097291657381021        41.414446902064867        36.401020620639571        31.244774722598983        26.035747680299171        20.814636834411424        15.598161222139860        10.391298359029481        5.1931668589509803        0.0000000000000000     
   0.0000000000000000        13.834734197207711        26.228959556924053        36.682900711547006        45.087536147223418        51.444211076231561        55.771551563323889        58.081594513430005        58.380007963658549        56.686989742776056        53.111119731170973        48.057710195000595        42.571609206047412        37.054239153893100        31.605947171223718        26.233386406456869        20.921931755123385        15.655545352010286        10.420560799313167        5.2054546494319895        0.0000000000000000     
   0.0000000000000000        17.145883919541248        31.350572577974567        42.703907591561695        51.543142706966350        58.091441986491809        62.460841319374019        64.681439081296872        64.711049485417433        62.427947918666732        57.652787460646998        50.497556782073353        43.805043217307080        37.680540278509675        31.929669059544761        26.403377212318340        21.011970447137461        15.703008788775577        10.444566309864859        5.2154927829480400        0.0000000000000000     
   0.0000000000000000        23.405631949443652        39.338163005154065        51.260498676506195        60.317500824495063        66.951034929447403        71.337217006365776        73.514434817249608        73.399807910320988        70.707702785474211        64.621845193890536        52.521422852009970        44.515469246672673        37.975370344142057        32.067092233726044        26.471941129270345        21.047376051855711        15.721434203400541        10.453824341506438        5.2193520159795392        0.0000000000000000     
