   0.0000000000000000        16.330477189603435        25.447860936601717        31.059389466195714        34.524410438338300        36.458058042236750        37.160865673179075        36.743362948286780        35.143317133376478        32.048798463515851        26.577833262631366        16.014034466478140        10.351396125142136        6.8370130955427424        4.5123797540928559        2.9413616099330522        1.8759245192520115        1.1530396134516785       0.65593992836737203       0.29571319256577083        0.0000000000000000     
   0.0000000000000000        10.072119168927145        17.462974051027562        22.506669264532881        25.754887335537273        27.604021120081097        28.290503522654330        27.916574288959733        26.460713083902025        23.774931678395809        19.614226834158771        13.995060976749714        9.6452309283683473        6.5457838913774928        4.3779063485553058        2.8751322864247202        1.8422901614382430        1.1358788669506483       0.64749189549389152       0.29224846728103937        0.0000000000000000     
   0.0000000000000000        6.7646085357666479        12.348438989466258        16.495796482340197        19.311939000998926        20.971336052321988        21.616957399997439        21.332980048958380        20.145783916643190        18.049388691435048        15.086830797560616        11.568023323598116        8.4229519153366166        5.9289099392135283        4.0619070505670214        2.7112535222563667        1.7568886515685025        1.0917263725953577       0.62560698815967497       0.28324316792970583        0.0000000000000000     
   0.0000000000000000        4.9058688545276485        9.1904827652152825        12.558106049465703        14.947755081280464        16.404881302558646        17.002709723062594        16.807015281730063        15.871094944601889        14.257074309204528        12.087663141821247        9.6234374843121735        7.2795779348157499        5.2873440214314007        3.7102802400852366        2.5211696885265527        1.6553255983031101        1.0384347891670596       0.59896575542914909       0.27223202963527576        0.0000000000000000     
   0.0000000000000000        3.9344113599816053        7.4658082057683224        10.334914975874415        12.431349753284183        13.742458687939983        14.303397285528517        14.167217892673721        13.397248959675460        12.079386642708267        10.348155973677866        8.4083895567026001        6.5091547787996955        4.8285329210795158        3.4478921699449794        2.3751849901302258        1.5758446377006392       0.99623000428020392       0.57771402489255586       0.26341427397594452        0.0000000000000000     
   0.0000000000000000        3.6304054020204575        6.9166285015655866        9.6165181286801147        11.610054550602582        12.868694927430306        13.415910615158145        13.300299814388048        12.587325511944755        11.367969130017814        9.7762600107058368        7.9976302768850873        6.2403604610647196        4.6640880626907819        3.3519067768960866        2.3210001669859088        1.5460507123405316       0.98030637698283873       0.56966345068554503       0.26006654888774111        0.0000000000000000     
   0.0000000000000000        3.9344113599816053        7.4658082057683224        10.334914975874415        12.431349753284183        13.742458687939983        14.303397285528517        14.167217892673721        13.397248959675460        12.079386642708267        10.348155973677866        8.4083895567026001        6.5091547787996955        4.8285329210795158        3.4478921699449794        2.3751849901302258        1.5758446377006392       0.99623000428020392       0.57771402489255586       0.26341427397594452        0.0000000000000000     
   0.0000000000000000        4.9058688545276485        9.1904827652152825        12.558106049465701        14.947755081280464        16.404881302558646        17.002709723062594        16.807015281730063        15.871094944601889        14.257074309204528        12.087663141821247        9.6234374843121735        7.2795779348157499        5.2873440214314007        3.7102802400852366        2.5211696885265522        1.6553255983031101        1.0384347891670596       0.59896575542914909       0.27223202963527576        0.0000000000000000     
   0.0000000000000000        6.7646085357666479        12.348438989466258        16.495796482340193        19.311939000998926        20.971336052321988        21.616957399997439        21.332980048958380        20.145783916643190        18.049388691435052        15.086830797560616        11.568023323598116        8.4229519153366166        5.9289099392135274        4.0619070505670214        2.7112535222563663        1.7568886515685025        1.0917263725953577       0.62560698815967497       0.28324316792970583        0.0000000000000000     
   0.0000000000000000        10.072119168927145        17.462974051027562        22.506669264532881        25.754887335537273        27.604021120081097        28.290503522654330        27.916574288959733        26.460713083902025        23.774931678395809        19.614226834158771        13.995060976749714        9.6452309283683473        6.5457838913774919        4.3779063485553058        2.8751322864247202        1.8422901614382428        1.1358788669506483       0.64749189549389141       0.29224846728103931        0.0000000000000000     
   0.0000000000000000        16.330477189603435        25.447860936601717        31.059389466195714        34.524410438338300        36.458058042236750        37.160865673179075        36.743362948286780        35.143317133376478        32.048798463515851        26.577833262631366        16.014034466478140        10.351396125142136        6.8370130955427415        4.5123797540928559        2.9413616099330522        1.8759245192520113        1.1530396134516783       0.65593992836737192       0.29571319256577078        0.0000000000000000     
