   0.0000000000000000        23.442809998623027        39.411603472731386        51.368392864781150        60.457191539215181        67.119081955857880        71.529481874094031        73.726182761410286        73.625824512520836        70.942422417207325        64.859488095010249        52.756137465599018        44.741476303795373        38.187105150631268        32.259341657195300        26.639971916625441        21.187051322316268        15.829315254003630        10.527255264006406        5.2565250470147911        0.0000000000000000     
   0.0000000000000000        17.183061968720622        31.424013045551881        42.811801779836649        51.682833421686460        58.259489012902279        62.653106187102324        64.893187025457550        64.937066087617268        62.662667550399838        57.890430361766647        50.732271395662401        44.031050274429724        37.892275084998893        32.121918483014184        26.571407999673426        21.151645717598019        15.810889839378666        10.517997232364825        5.2526658139832900        0.0000000000000000     
   0.0000000000000000        13.871912246387094        26.302400024501370        36.790794899821947        45.227226861943521        51.612258102642024        55.963816431052173        58.293342457590676        58.606024565858412        56.921709374509177        53.348762632290601        48.292424808589615        42.797616263169999        37.265973960382091        31.798196594692747        26.401417193811945        21.061607025583935        15.763426402613371        10.493991721813130        5.2426276804672378        0.0000000000000000     
   0.0000000000000000        12.008674408006206        23.135694969826943        32.840578045500472        40.847396530774304        47.027823720351378        51.330108571970285        53.747291199885971        54.311419647485117        53.110340788989916        50.331954210594240        46.332006270970012        41.640453959187404        36.612755427128441        31.437024146067806        26.203778467654132        20.954312104871914        15.706042272742920        10.464729281529436        5.2303398899862268        0.0000000000000000     
   0.0000000000000000        11.033577831491229        21.403942464882402        30.607252894072648        38.318333002453912        44.350855291699524        48.615052531688896        51.091243514390143        51.821461338975944        50.917237962874026        48.578175376422209        45.104149433245283        40.858875825390697        36.144517171338670        31.166913499300062        26.051681738220879        20.870193970066232        15.660526551022119        10.441356951297728        5.2204893018619245        0.0000000000000000     
   0.0000000000000000        10.728181868756112        20.852059227721792        29.884985175948596        37.492202800421836        43.471535527983335        47.721552343791771        50.218118378901288        51.005383534923823        50.199932386610904        48.000828125272761        44.688497587932183        40.585820687700696        35.976471461998237        31.067978346077997        25.995162328218449        20.838628802709568        15.643338259047008        10.432496380499478        5.2167470700774503        0.0000000000000000     
   0.0000000000000000        11.033577831491229        21.403942464882402        30.607252894072648        38.318333002453912        44.350855291699524        48.615052531688896        51.091243514390143        51.821461338975936        50.917237962874026        48.578175376422209        45.104149433245283        40.858875825390697        36.144517171338670        31.166913499300062        26.051681738220879        20.870193970066232        15.660526551022119        10.441356951297728        5.2204893018619245        0.0000000000000000     
   0.0000000000000000        12.008674408006206        23.135694969826943        32.840578045500472        40.847396530774304        47.027823720351371        51.330108571970278        53.747291199885971        54.311419647485110        53.110340788989909        50.331954210594240        46.332006270970012        41.640453959187404        36.612755427128441        31.437024146067802        26.203778467654129        20.954312104871910        15.706042272742920        10.464729281529436        5.2303398899862268        0.0000000000000000     
   0.0000000000000000        13.871912246387094        26.302400024501370        36.790794899821947        45.227226861943521        51.612258102642016        55.963816431052173        58.293342457590676        58.606024565858405        56.921709374509170        53.348762632290594        48.292424808589615        42.797616263169992        37.265973960382084        31.798196594692740        26.401417193811945        21.061607025583935        15.763426402613371        10.493991721813130        5.2426276804672378        0.0000000000000000     
   0.0000000000000000        17.183061968720622        31.424013045551881        42.811801779836649        51.682833421686460        58.259489012902279        62.653106187102324        64.893187025457550        64.937066087617268        62.662667550399831        57.890430361766640        50.732271395662394        44.031050274429717        37.892275084998893        32.121918483014177        26.571407999673426        21.151645717598015        15.810889839378664        10.517997232364825        5.2526658139832891        0.0000000000000000     
   0.0000000000000000        23.442809998623027        39.411603472731386        51.368392864781150        60.457191539215181        67.119081955857880        71.529481874094031        73.726182761410286        73.625824512520822        70.942422417207311        64.859488095010249        52.756137465599011        44.741476303795373        38.187105150631268        32.259341657195300        26.639971916625438        21.187051322316265        15.829315254003626        10.527255264006405        5.2565250470147902        0.0000000000000000     
