   0.0000000000000000        21.912660188086498        36.389518470688316        46.929808336145989        54.712806665354485        60.211995948440553        63.631508526142532        65.033449634307644        64.353781784900946        61.320400138264496        55.124949333756369        43.148778646222553        35.497325133720032        29.532761459066652        24.406497797348852        19.780337861149729        15.487795936561001        11.429120160905541        7.5330618195072256        3.7410386960446496        0.0000000000000000     
   0.0000000000000000        15.652912158184899        28.401928043510463        38.373217251204089        45.938448547829317        51.352403005488426        54.755132839155387        56.200453898360202        55.665023360002920        53.040645271462637        48.155891600518153        41.124912576291628        34.786899104359669        29.237931393438977        24.269074623172177        19.711773944201493        15.452390331845907        11.410694746282973        7.5238037878672479        3.7371794630139532        0.0000000000000000     
   0.0000000000000000        12.341762435853822        23.280315022464720        32.352210371196044        39.482841988095217        44.705172095239249        48.065843083117812        49.600609330507815        49.333981838259206        47.299687095587402        43.614223871057241        38.685065989233593        33.553465093114326        28.611630268835476        23.945352734862883        19.541783138350350        15.362351639840098        11.363231309524073        7.4997982773199636        3.7271413295001072        0.0000000000000000     
   0.0000000000000000        10.478524597476042        20.113609967796382        28.401993516883412        35.103011656937454        40.120737712962196        43.432135224051677        45.054558072820399        45.039376919904697        43.488318510087190        40.597415449379149        36.724647451632933        32.396302789149864        27.958411735598389        23.584180286252671        19.344144412205161        15.255056719138512        11.305847179661674        7.4705358370416945        3.7148535390218536        0.0000000000000000     
   0.0000000000000000        9.5034280209633497        18.381857462856608        26.168668365462725        32.573948128625887        37.443769284320233        40.717079183781749        42.398510387337488        42.549418611409465        41.295215683986015        38.843636615222387        35.496790613922158        31.614724655367109        27.490173479822033        23.314069639497017        19.192047682782096        15.170938584341240        11.260331457947432        7.4471635068143147        3.7050029508997500        0.0000000000000000     
   0.0000000000000000        9.1980320582291650        17.829974225697683        25.446400647341175        31.747817926597101        36.564449520607987        39.823578995888660        41.525385251853294        41.733340807362417        40.577910107727931        38.266289364078276        35.081138768614871        31.341669517682416        27.322127770486691        23.215134486279496        19.135528272783571        15.139373416987832        11.243143165974747        7.4383029360177151        3.7012607191160760        0.0000000000000000     
   0.0000000000000000        9.5034280209633497        18.381857462856608        26.168668365462725        32.573948128625887        37.443769284320233        40.717079183781749        42.398510387337488        42.549418611409465        41.295215683986015        38.843636615222387        35.496790613922158        31.614724655367109        27.490173479822033        23.314069639497017        19.192047682782096        15.170938584341240        11.260331457947432        7.4471635068143147        3.7050029508997500        0.0000000000000000     
   0.0000000000000000        10.478524597476042        20.113609967796382        28.401993516883412        35.103011656937454        40.120737712962196        43.432135224051677        45.054558072820399        45.039376919904697        43.488318510087190        40.597415449379149        36.724647451632933        32.396302789149864        27.958411735598389        23.584180286252671        19.344144412205161        15.255056719138512        11.305847179661674        7.4705358370416945        3.7148535390218536        0.0000000000000000     
   0.0000000000000000        12.341762435853822        23.280315022464720        32.352210371196044        39.482841988095217        44.705172095239249        48.065843083117812        49.600609330507815        49.333981838259206        47.299687095587402        43.614223871057241        38.685065989233593        33.553465093114326        28.611630268835476        23.945352734862880        19.541783138350347        15.362351639840098        11.363231309524073        7.4997982773199636        3.7271413295001072        0.0000000000000000     
   0.0000000000000000        15.652912158184897        28.401928043510463        38.373217251204089        45.938448547829317        51.352403005488426        54.755132839155387        56.200453898360202        55.665023360002920        53.040645271462637        48.155891600518153        41.124912576291628        34.786899104359669        29.237931393438977        24.269074623172177        19.711773944201493        15.452390331845907        11.410694746282973        7.5238037878672479        3.7371794630139532        0.0000000000000000     
   0.0000000000000000        21.912660188086498        36.389518470688309        46.929808336145989        54.712806665354485        60.211995948440553        63.631508526142532        65.033449634307644        64.353781784900946        61.320400138264496        55.124949333756369        43.148778646222553        35.497325133720032        29.532761459066652        24.406497797348852        19.780337861149729        15.487795936561001        11.429120160905541        7.5330618195072256        3.7410386960446496        0.0000000000000000     
