   0.0000000000000000        19.270079997397232        31.185380484098363        39.322575993426014        44.931470598644715        48.546302292421949        50.419986296147755        50.650016838980015        49.193763584553139        45.786774372925542        39.615549775896184        28.045045445953455        21.155011183989988        16.274802010556623        12.518048837544720        9.5058057686261783        7.0295331400416918        4.9473611650026230        3.1466280835352394        1.5283510704251764        0.0000000000000000     
   0.0000000000000000        13.010333433316543        23.197792935952233        30.765989098461091        36.157117835788881        39.686715686503874        41.543617719677741        41.817028761982087        40.505013136278286        37.507027573750086        32.646499987191376        26.021187002639717        20.444592292403332        15.979978449300770        12.380631416597897        9.4372467615756737        6.9941315327090408        4.9289387857797609        3.1373720920772903        1.5244928622061700        0.0000000000000000     
   0.0000000000000000        9.6991875485546686        18.076187452308950        24.744993187955483        29.701525294761492        33.039501366824709        34.854346579215239        35.217204245518801        34.173992497605177        31.766090519195092        28.104853056789146        23.581360382324572        19.211176968092147        15.353694353363844        12.056924590440000        9.2672688100037899        6.9041033059862480        4.8814832958005203        3.1133719227958867        1.5144574116841631        0.0000000000000000     
   0.0000000000000000        7.8359544536733328        14.909491714382442        20.794789892693327        25.321712291678228        28.455087491619647        30.220661730264947        30.671177772711619        29.879413392145302        27.954748041082230        25.088070344161551        21.620966524975074        18.054037762448186        14.700496868716192        11.695770759672572        9.0696459726214211        6.7968213210858259        4.8241089886979021        3.0841160846853235        1.5021729375661721        0.0000000000000000     
   0.0000000000000000        6.8608617147298627        13.177746746845321        18.561475710775149        22.792662782073734        25.778135653548127        27.505624305570375        28.015150138618335        27.389475966721086        25.761666336301428        23.334312309063318        20.393129654007442        17.272478315599592        14.232275641606405        11.425675175068232        8.9175620974775001        6.7127136515715868        4.7786012137632623        3.0607490957238497        1.4923250324359025        0.0000000000000000     
   0.0000000000000000        6.5554672178166173        12.625866388717993        17.839212182630838        21.966537934714534        24.898822226869715        26.612131228194521        27.142032662083487        26.573406139297383        25.044368827669931        22.756973002452806        19.977485435317206        16.999430315688628        14.064236436642945        11.326745775080564        8.8610475973767517        6.6811524816005754        4.7614159571903283        3.0518905651092783        1.4885838254639197        0.0000000000000000     
   0.0000000000000000        6.8608617147298627        13.177746746845321        18.561475710775152        22.792662782073737        25.778135653548130        27.505624305570375        28.015150138618335        27.389475966721086        25.761666336301424        23.334312309063318        20.393129654007438        17.272478315599592        14.232275641606405        11.425675175068232        8.9175620974775001        6.7127136515715868        4.7786012137632623        3.0607490957238497        1.4923250324359025        0.0000000000000000     
   0.0000000000000000        7.8359544536733328        14.909491714382442        20.794789892693331        25.321712291678232        28.455087491619647        30.220661730264947        30.671177772711619        29.879413392145302        27.954748041082226        25.088070344161547        21.620966524975071        18.054037762448186        14.700496868716192        11.695770759672572        9.0696459726214211        6.7968213210858259        4.8241089886979021        3.0841160846853235        1.5021729375661721        0.0000000000000000     
   0.0000000000000000        9.6991875485546686        18.076187452308950        24.744993187955483        29.701525294761488        33.039501366824709        34.854346579215239        35.217204245518801        34.173992497605177        31.766090519195089        28.104853056789143        23.581360382324569        19.211176968092147        15.353694353363844        12.056924590440000        9.2672688100037899        6.9041033059862480        4.8814832958005203        3.1133719227958867        1.5144574116841631        0.0000000000000000     
   0.0000000000000000        13.010333433316543        23.197792935952233        30.765989098461088        36.157117835788881        39.686715686503867        41.543617719677741        41.817028761982087        40.505013136278286        37.507027573750086        32.646499987191369        26.021187002639717        20.444592292403332        15.979978449300770        12.380631416597897        9.4372467615756737        6.9941315327090408        4.9289387857797609        3.1373720920772903        1.5244928622061698        0.0000000000000000     
   0.0000000000000000        19.270079997397232        31.185380484098363        39.322575993426014        44.931470598644715        48.546302292421949        50.419986296147755        50.650016838980015        49.193763584553139        45.786774372925542        39.615549775896184        28.045045445953455        21.155011183989988        16.274802010556623        12.518048837544720        9.5058057686261783        7.0295331400416918        4.9473611650026230        3.1466280835352394        1.5283510704251764        0.0000000000000000     
