   0.0000000000000000        18.915094418349568        30.489200121354671        38.311928921424347        43.644390745741092        47.029863179586840        48.727595214887963        48.838496453592469        47.320456415243349        43.906890829315643        37.779944940438057        26.298558365629756        19.535439165875520        14.812518099653399        11.236209854615161        8.4210466781872011        6.1530053854682629        4.2859505674852096        2.7041828719868062        1.3067619546637081        0.0000000000000000     
   0.0000000000000000        12.655350896204848        22.501618538373584        29.755350684824904        34.870049007213510        38.170289559112476        39.851241125910541        40.005523878062355        38.631721990323598        35.627160102143421        30.810910837124151        24.274714838057321        18.825034098303121        14.517707012732307        11.098803362552689        8.3524969148382713        6.1176112438555696        4.2675338194948038        2.6949306463530798        1.3029056321187324        0.0000000000000000     
   0.0000000000000000        9.3442129753347007        17.380028671735310        23.734377442214445        28.414485328252209        31.523109235766487        33.162007914196245        33.405739944968644        32.300743301339025        29.886265124639174        26.269304971608417        21.834927267659911        17.591654965731191        13.891455575027759        10.775125148585408        8.1825431635912516        6.0276025626413734        4.2200930722735448        2.6709403361274910        1.2928751183554277        0.0000000000000000     
   0.0000000000000000        7.4809897243649139        14.213352237488614        19.784202166011585        24.034708000644596        26.938737382340186        28.528369947756943        28.859763635965010        28.006216048545703        26.074974656621357        23.252573017971997        19.874581678663215        16.434560495537177        13.238298458175349        10.414006684430582        7.9849502394554994        5.9203447373182412        4.1627369882219503        2.6416966844801086        1.2805967464067842        0.0000000000000000     
   0.0000000000000000        6.5059049493131855        12.481622886956497        17.550910651988556        21.505687353106246        24.261819540601824        25.813370451810506        26.203776585241251        25.516320572809928        23.881935028891299        21.498856047760260        18.646783857613343        15.653037240427834        12.770109889297947        10.143939712016850        7.8328905646364335        5.8362566133126048        4.1172439560452885        2.6183395545744457        1.2707537780352169        0.0000000000000000     
   0.0000000000000000        6.2005134943359055        11.929748493994287        16.828655782209715        20.679573530075302        23.382519099367162        24.919891861927297        25.330674610174192        24.700266768741361        23.164653592263043        20.921532426540633        18.231154554664389        15.380003064531152        12.602083158669258        10.045021240913517        7.7763853082372565        5.8047029090615503        4.1000643307048099        2.6094847897840938        1.2670144567372639        0.0000000000000000     
   0.0000000000000000        6.5059049493131855        12.481622886956497        17.550910651988556        21.505687353106246        24.261819540601824        25.813370451810506        26.203776585241251        25.516320572809924        23.881935028891299        21.498856047760260        18.646783857613343        15.653037240427834        12.770109889297947        10.143939712016850        7.8328905646364335        5.8362566133126048        4.1172439560452885        2.6183395545744457        1.2707537780352169        0.0000000000000000     
   0.0000000000000000        7.4809897243649131        14.213352237488612        19.784202166011585        24.034708000644596        26.938737382340186        28.528369947756943        28.859763635965010        28.006216048545703        26.074974656621357        23.252573017971994        19.874581678663215        16.434560495537177        13.238298458175349        10.414006684430582        7.9849502394554994        5.9203447373182403        4.1627369882219503        2.6416966844801086        1.2805967464067842        0.0000000000000000     
   0.0000000000000000        9.3442129753346990        17.380028671735307        23.734377442214445        28.414485328252209        31.523109235766483        33.162007914196238        33.405739944968644        32.300743301339025        29.886265124639174        26.269304971608413        21.834927267659911        17.591654965731191        13.891455575027759        10.775125148585408        8.1825431635912516        6.0276025626413734        4.2200930722735448        2.6709403361274910        1.2928751183554277        0.0000000000000000     
   0.0000000000000000        12.655350896204846        22.501618538373584        29.755350684824904        34.870049007213510        38.170289559112476        39.851241125910541        40.005523878062355        38.631721990323598        35.627160102143421        30.810910837124151        24.274714838057321        18.825034098303121        14.517707012732307        11.098803362552689        8.3524969148382713        6.1176112438555696        4.2675338194948038        2.6949306463530798        1.3029056321187324        0.0000000000000000     
   0.0000000000000000        18.915094418349568        30.489200121354671        38.311928921424347        43.644390745741092        47.029863179586840        48.727595214887963        48.838496453592469        47.320456415243349        43.906890829315643        37.779944940438057        26.298558365629756        19.535439165875520        14.812518099653399        11.236209854615160        8.4210466781872011        6.1530053854682629        4.2859505674852096        2.7041828719868062        1.3067619546637081        0.0000000000000000     
