   0.0000000000000000        18.076196277496681        28.847494457089958        35.937098794429915        40.634956030133672        43.506620641893456        44.825867346169787        44.699892392143845        43.084861321785716        39.705338053481711        33.728899442851990        22.495968160507292        16.058715966306647        11.718411573550974        8.5623624621530112        6.1888740697633535        4.3714511461168604        2.9556179758370531        1.8213491016108860       0.86682638452226057        0.0000000000000000     
   0.0000000000000000        11.816491712297095        20.859989076239845        27.380630702679916        31.860753716245505        34.647210019606533        35.949693453317806        35.867110562001685        34.396321653495654        31.425800006213507        26.760050574465559        20.472297957387671        15.348468839108770        11.423740558791284        8.4250765962667487        6.1204246690511646        4.3361368591944442        2.9372606994695651        1.8121362618530144       0.86298966347126915        0.0000000000000000     
   0.0000000000000000        8.5054557820334296        15.738598709370322        21.359945823028855        25.405555055728943        28.000456431055163        29.260932001184106        29.267826006816549        28.065852843986711        25.685409471246675        22.218929660285717        18.032964156298693        14.115503199805428        10.797855834766093        8.1017141857286905        5.9507336705982876        4.2463372402735304        2.8899756509784305        1.7882490651890641       0.85301046708543504        0.0000000000000000     
   0.0000000000000000        6.6423585983862505        12.572168870399262        17.410126983045874        21.026228915731956        23.416612050843273        24.627877161655405        24.722466962854146        23.771955836885486        21.874742528495624        19.202797139466089        16.073179457013133        12.958919835399447        10.145152000949507        7.7409860760797571        5.7534655267772559        4.1393378301563271        2.8328120211412329        1.7591328689132282       0.84079552690374992        0.0000000000000000     
   0.0000000000000000        5.6673758139409118        10.840639019635793        15.177123831982074        18.497573286638080        20.740120943899310        21.913349425289322        22.066979290038667        21.282570240625059        19.682207343302654        17.449565120589892        14.845835405271359        12.177810073558426        9.6773301457512027        7.4712349070950435        5.6016686047521702        4.0554587684438319        2.7874746876946022        1.7358788525691422       0.83100387590962033        0.0000000000000000     
   0.0000000000000000        5.3620233159087292        10.288840828804426        14.454979107052516        17.671598888246415        19.860983500851869        21.020051031531221        21.194068060359278        20.466711193185894        18.965118586578146        16.872426734297562        14.430379426775056        11.904933838036083        9.5094434872837610        7.3724370621677995        5.5452637109896203        4.0239849188829764        2.7703545339769753        1.7270634736546042       0.82728415610563111        0.0000000000000000     
   0.0000000000000000        5.6673758139409118        10.840639019635793        15.177123831982074        18.497573286638080        20.740120943899310        21.913349425289322        22.066979290038667        21.282570240625059        19.682207343302654        17.449565120589892        14.845835405271357        12.177810073558424        9.6773301457512009        7.4712349070950435        5.6016686047521702        4.0554587684438319        2.7874746876946022        1.7358788525691422       0.83100387590962033        0.0000000000000000     
   0.0000000000000000        6.6423585983862505        12.572168870399262        17.410126983045874        21.026228915731956        23.416612050843273        24.627877161655405        24.722466962854142        23.771955836885482        21.874742528495620        19.202797139466085        16.073179457013133        12.958919835399445        10.145152000949507        7.7409860760797571        5.7534655267772559        4.1393378301563271        2.8328120211412329        1.7591328689132282       0.84079552690374992        0.0000000000000000     
   0.0000000000000000        8.5054557820334296        15.738598709370322        21.359945823028859        25.405555055728943        28.000456431055163        29.260932001184102        29.267826006816545        28.065852843986708        25.685409471246675        22.218929660285713        18.032964156298693        14.115503199805428        10.797855834766093        8.1017141857286905        5.9507336705982876        4.2463372402735304        2.8899756509784305        1.7882490651890641       0.85301046708543504        0.0000000000000000     
   0.0000000000000000        11.816491712297095        20.859989076239849        27.380630702679920        31.860753716245508        34.647210019606526        35.949693453317799        35.867110562001685        34.396321653495654        31.425800006213507        26.760050574465556        20.472297957387667        15.348468839108769        11.423740558791282        8.4250765962667487        6.1204246690511646        4.3361368591944442        2.9372606994695651        1.8121362618530144       0.86298966347126915        0.0000000000000000     
   0.0000000000000000        18.076196277496681        28.847494457089962        35.937098794429922        40.634956030133679        43.506620641893456        44.825867346169787        44.699892392143845        43.084861321785716        39.705338053481711        33.728899442851990        22.495968160507289        16.058715966306647        11.718411573550974        8.5623624621530112        6.1888740697633535        4.3714511461168604        2.9556179758370531        1.8213491016108860       0.86682638452226057        0.0000000000000000     
