   0.0000000000000000        22.841591458133230        38.224000095763387        49.623703896268061        58.198454788894956        64.402006451160830        68.421067168925532        70.303059774133146        69.972359668398425        67.148632653706969        61.018818814697404        48.963158692238309        41.089554054586827        34.766105363104053        29.153422923027861        23.925520831149580        18.930810542997907        14.086749485240958        9.3411944819525488        4.6561174966647583        0.0000000000000000     
   0.0000000000000000        16.581843428230830        30.236409668583885        41.067112811323561        49.424096671366215        55.542413508205222        59.544691481933796        61.470064038180446        61.283601243494893        58.868877786899489        54.049761081453568        46.939292622301693        40.379128025221256        34.471275297471671        29.015999748846760        23.856956914197575        18.895404938279658        14.068324070615999        9.3319364503109714        4.6522582636332599        0.0000000000000000     
   0.0000000000000000        13.270693705897298        25.114796647533371        35.046105931308858        42.968490111623254        48.895182597944931        52.855401725883631        54.870219470313529        54.952559721736044        53.127919611008835        49.508093351977550        44.499446035228949        39.145694013961609        33.844974172855181        28.692277860525902        23.686966108336119        18.805366246265596        14.020860633850713        9.3079309397592809        4.6422201301172095        0.0000000000000000     
   0.0000000000000000        11.407455867516404        21.948091592858948        31.095889076987376        38.588659780454016        44.310748215654272        48.221693866801722        50.324168212608789        50.657954803362735        49.316551025489581        46.491284930281203        42.539027497609389        37.988531709979078        33.191755639601674        28.331105411901188        23.489327382178445        18.698071325553659        13.963476503980308        9.2786684994756143        4.6299323396362126        0.0000000000000000     
   0.0000000000000000        10.432359291001427        20.216339087914406        28.862563925559517        36.059596252133609        41.633779787002396        45.506637826520304        47.668120527112926        48.167996494853561        47.123448199373698        44.737506096109186        41.311170659884674        37.206953576182428        32.723517383811981        28.060994765133632        23.337230652745269        18.613953190748038        13.917960782259556        9.2552961692439339        4.6200817515119246        0.0000000000000000     
   0.0000000000000000        10.126963328266310        19.664455850753797        28.140296207435455        35.233466050101534        40.754460023286207        44.613137638623179        46.794995391624070        47.351918690801448        46.406142623110576        44.160158844959739        40.895518814571574        36.933898438492427        32.555471674471619        27.962059611911645        23.280711242742910        18.582388023391374        13.900772490284444        9.2464355984456841        4.6163395197274504        0.0000000000000000     
   0.0000000000000000        10.432359291001427        20.216339087914406        28.862563925559517        36.059596252133609        41.633779787002396        45.506637826520304        47.668120527112926        48.167996494853561        47.123448199373698        44.737506096109186        41.311170659884667        37.206953576182428        32.723517383811981        28.060994765133632        23.337230652745269        18.613953190748038        13.917960782259556        9.2552961692439339        4.6200817515119246        0.0000000000000000     
   0.0000000000000000        11.407455867516404        21.948091592858948        31.095889076987376        38.588659780454016        44.310748215654272        48.221693866801722        50.324168212608789        50.657954803362735        49.316551025489581        46.491284930281203        42.539027497609382        37.988531709979071        33.191755639601666        28.331105411901184        23.489327382178441        18.698071325553656        13.963476503980306        9.2786684994756143        4.6299323396362126        0.0000000000000000     
   0.0000000000000000        13.270693705897298        25.114796647533371        35.046105931308858        42.968490111623254        48.895182597944931        52.855401725883631        54.870219470313529        54.952559721736044        53.127919611008835        49.508093351977543        44.499446035228942        39.145694013961602        33.844974172855174        28.692277860525895        23.686966108336115        18.805366246265592        14.020860633850711        9.3079309397592791        4.6422201301172095        0.0000000000000000     
   0.0000000000000000        16.581843428230830        30.236409668583885        41.067112811323561        49.424096671366215        55.542413508205222        59.544691481933796        61.470064038180446        61.283601243494893        58.868877786899482        54.049761081453561        46.939292622301686        40.379128025221249        34.471275297471664        29.015999748846756        23.856956914197571        18.895404938279658        14.068324070615999        9.3319364503109696        4.6522582636332599        0.0000000000000000     
   0.0000000000000000        22.841591458133230        38.224000095763387        49.623703896268061        58.198454788894956        64.402006451160830        68.421067168925532        70.303059774133146        69.972359668398425        67.148632653706969        61.018818814697397        48.963158692238302        41.089554054586820        34.766105363104046        29.153422923027858        23.925520831149576        18.930810542997907        14.086749485240958        9.3411944819525488        4.6561174966647592        0.0000000000000000     
