   0.0000000000000000        11.010209854696640        15.330650593442323        17.046557978785419        17.694636559153754        17.908105242275653        17.925654231937759        17.774721305570495        17.301276956975034        16.065262948674633        12.982451627606229        5.0554152861540693        1.9722575642697258       0.73469369964722919       0.25509748489789574        8.1718994280396307E-002   2.4079812113864462E-002   6.5303728621425158E-003   1.6312007370222555E-003   3.6219217608257246E-004   0.0000000000000000     
   0.0000000000000000        4.9488436110094574        7.7154542622496738        8.9964526506673188        9.5167800240229674        9.6944559973254556        9.7095898309174142        9.5851646280254048        9.2097585696954347        8.3097895997707560        6.4445645798329219        3.3612648799766820        1.4957349493607415       0.59440719308311663       0.21363925551310683        6.9817948837782695E-002   2.0829448618659752E-002   5.6952157250198298E-003   1.4306419149839073E-003   3.1889121538521825E-004   0.0000000000000000     
   0.0000000000000000        2.1409385141188406        3.5389365915952187        4.2616343289890493        4.5768818647249532        4.6893710847832262        4.6994932980756419        4.6218849539127822        4.3980263032119478        3.9030271603896294        3.0010067773381617        1.7623107748374147       0.86007812318345311       0.36414098766371228       0.13662429311876648        4.5993415683787876E-002   1.4012859768075925E-002   3.8903627399726232E-003   9.8841156672134283E-004   2.2212856662607843E-004   0.0000000000000000     
   0.0000000000000000       0.86934089707397033        1.4841438625511953        1.8261209486180352        1.9838276079960746        2.0423015297774705        2.0478589543253958        2.0081308506764595        1.8977628329112273        1.6683111549232374        1.2835170135760994       0.79909800865092051       0.41418187599215411       0.18419655337839114        7.1775589564747111E-002   2.4867273467342955E-002   7.7442432354262337E-003   2.1866513199657518E-003   5.6290563212293445E-004   1.2775080165374457E-004   0.0000000000000000     
   0.0000000000000000       0.34978519520687801       0.60915505803782632       0.76108944656453625       0.83429605420663122       0.86233778607230915       0.86514245907076492       0.84637161518509152       0.79579976626744964       0.69555156395282569       0.53672167701715301       0.34583399038327600       0.18693958283498013        8.6412148222172233E-002   3.4781148578913602E-002   1.2371045405285079E-002   3.9347437147794562E-003   1.1299796016175209E-003   2.9487460535677028E-004   6.7621637328999155E-005   0.0000000000000000     
   0.0000000000000000       0.21318581169817022       0.37488523735786528       0.47219499506169921       0.52022037956699307       0.53895732934026597       0.54088822179230078       0.52845855591907209       0.49553268944032353       0.43192675430266786       0.33403866887739903       0.21878885923934049       0.12085507778100484        5.7052668712620810E-002   2.3387908228643145E-002   8.4462405335674826E-003   2.7200660033355846E-003   7.8910785524859801E-004   2.0762569854664597E-004   4.7916634842803455E-005   0.0000000000000000     
   0.0000000000000000       0.34978519520687801       0.60915505803782632       0.76108944656453625       0.83429605420663133       0.86233778607230915       0.86514245907076504       0.84637161518509152       0.79579976626744964       0.69555156395282569       0.53672167701715301       0.34583399038327600       0.18693958283498013        8.6412148222172233E-002   3.4781148578913602E-002   1.2371045405285077E-002   3.9347437147794553E-003   1.1299796016175209E-003   2.9487460535677028E-004   6.7621637328999155E-005   0.0000000000000000     
   0.0000000000000000       0.86934089707397033        1.4841438625511953        1.8261209486180352        1.9838276079960748        2.0423015297774709        2.0478589543253962        2.0081308506764595        1.8977628329112273        1.6683111549232374        1.2835170135760994       0.79909800865092040       0.41418187599215411       0.18419655337839111        7.1775589564747111E-002   2.4867273467342955E-002   7.7442432354262337E-003   2.1866513199657518E-003   5.6290563212293445E-004   1.2775080165374457E-004   0.0000000000000000     
   0.0000000000000000        2.1409385141188406        3.5389365915952187        4.2616343289890493        4.5768818647249541        4.6893710847832262        4.6994932980756419        4.6218849539127822        4.3980263032119478        3.9030271603896294        3.0010067773381617        1.7623107748374145       0.86007812318345289       0.36414098766371222       0.13662429311876648        4.5993415683787869E-002   1.4012859768075923E-002   3.8903627399726232E-003   9.8841156672134283E-004   2.2212856662607840E-004   0.0000000000000000     
   0.0000000000000000        4.9488436110094574        7.7154542622496738        8.9964526506673188        9.5167800240229674        9.6944559973254556        9.7095898309174142        9.5851646280254048        9.2097585696954347        8.3097895997707560        6.4445645798329219        3.3612648799766816        1.4957349493607413       0.59440719308311651       0.21363925551310681        6.9817948837782681E-002   2.0829448618659749E-002   5.6952157250198298E-003   1.4306419149839073E-003   3.1889121538521825E-004   0.0000000000000000     
   0.0000000000000000        11.010209854696640        15.330650593442323        17.046557978785419        17.694636559153754        17.908105242275653        17.925654231937759        17.774721305570495        17.301276956975034        16.065262948674633        12.982451627606229        5.0554152861540684        1.9722575642697255       0.73469369964722897       0.25509748489789563        8.1718994280396293E-002   2.4079812113864459E-002   6.5303728621425149E-003   1.6312007370222553E-003   3.6219217608257246E-004   0.0000000000000000     
