   0.0000000000000000        17.573914663609663        27.866992932693019        34.524648740564679        38.855528962497722        41.439084878357683        42.557377378636978        42.320019960464961        40.680014693024539        37.353952864602142        31.497772631894474        20.437963112586068        14.211911433413679        10.106618033986798        7.1968032336908063        5.0707358085402898        3.4949548175515885        2.3112468140865041        1.3988896730821738       0.65792491159357258        0.0000000000000000     
   0.0000000000000000        11.314303206044249        19.879669280527803        25.968442372665677        30.081656260350371        32.580057067056707        33.681623276571656        33.487678248558950        31.991919427777685        29.074848969030036        24.529335315745112        18.414672126169627        13.502004216713020        9.8122433158460183        7.0597680861723848        5.0024914455653606        3.4598010699510482        2.2930074399527398        1.3897540694631543       0.65412636318383144        0.0000000000000000     
   0.0000000000000000        8.0035110347304812        14.758754685530201        19.948442694949446        23.627320534570853        25.934305690673870        26.993960850981502        26.889545937870626        25.662614080536123        23.335595057955359        19.989291859305851        15.976331127294710        12.269928474641016        9.1871343064368158        6.7370620648403401        4.8333372428755004        3.3704217484296808        2.2460310635156300        1.3660690796350849       0.64424710406983854        0.0000000000000000     
   0.0000000000000000        6.1407151537135602        11.592912932930737        15.999470811130749        19.249061040562069        21.351700112822041        22.362264482960818        22.345611146423757        21.370155191877284        19.526333059590819        16.974491149487832        14.017773599026112        11.114445083698893        8.5353893086105863        6.3771452968645663        4.6367326151033783        3.2639418544657883        2.1892489733175413        1.3372028247523320       0.63215569314885600        0.0000000000000000     
   0.0000000000000000        5.1659761282149637        9.8618588540329775        13.767152861992848        16.721268346194016        18.676211218033540        19.648835773123970        19.691275718090136        18.881933057869162        17.334934498275324        15.222336588338379        12.791422349485677        10.334225219077783        8.0683431680183517        6.1080505170775021        4.4854724888344784        3.1804830901475025        2.1442203119210226        1.3141510152415685       0.62246397942530529        0.0000000000000000     
   0.0000000000000000        4.8607167378150002        9.3102423918826958        13.045269860908776        15.895623559536183        17.797456585964046        18.755957170143837        18.818804606637723        18.066518413463953        16.618279893237855        14.645609754274552        12.376345587684662        10.061688894045608        7.9007528061636849        6.0095033905129114        4.4292726328049739        3.1491697799052236        2.1272180604347017        1.3054128724643010       0.61878243226178575        0.0000000000000000     
   0.0000000000000000        5.1659761282149645        9.8618588540329775        13.767152861992848        16.721268346194016        18.676211218033540        19.648835773123970        19.691275718090136        18.881933057869162        17.334934498275324        15.222336588338379        12.791422349485677        10.334225219077783        8.0683431680183517        6.1080505170775021        4.4854724888344784        3.1804830901475030        2.1442203119210230        1.3141510152415687       0.62246397942530529        0.0000000000000000     
   0.0000000000000000        6.1407151537135602        11.592912932930737        15.999470811130749        19.249061040562069        21.351700112822041        22.362264482960818        22.345611146423757        21.370155191877284        19.526333059590819        16.974491149487832        14.017773599026112        11.114445083698893        8.5353893086105863        6.3771452968645663        4.6367326151033783        3.2639418544657888        2.1892489733175413        1.3372028247523320       0.63215569314885600        0.0000000000000000     
   0.0000000000000000        8.0035110347304812        14.758754685530201        19.948442694949446        23.627320534570853        25.934305690673870        26.993960850981502        26.889545937870622        25.662614080536120        23.335595057955356        19.989291859305848        15.976331127294708        12.269928474641016        9.1871343064368158        6.7370620648403401        4.8333372428755004        3.3704217484296808        2.2460310635156300        1.3660690796350849       0.64424710406983854        0.0000000000000000     
   0.0000000000000000        11.314303206044249        19.879669280527807        25.968442372665677        30.081656260350371        32.580057067056707        33.681623276571656        33.487678248558950        31.991919427777681        29.074848969030032        24.529335315745108        18.414672126169624        13.502004216713020        9.8122433158460183        7.0597680861723848        5.0024914455653606        3.4598010699510482        2.2930074399527398        1.3897540694631543       0.65412636318383144        0.0000000000000000     
   0.0000000000000000        17.573914663609663        27.866992932693019        34.524648740564679        38.855528962497722        41.439084878357683        42.557377378636978        42.320019960464961        40.680014693024532        37.353952864602135        31.497772631894467        20.437963112586065        14.211911433413679        10.106618033986798        7.1968032336908063        5.0707358085402898        3.4949548175515885        2.3112468140865041        1.3988896730821738       0.65792491159357258        0.0000000000000000     
