   0.0000000000000000        23.314791771450128        39.158720271616055        50.996873452818193        59.976186626701100        66.540438618137259        70.867451530073410        72.997069933346779        72.847585047399392        70.134221092899693        64.041226529996393        51.947963975263200        43.963289782034401        37.458065192851720        31.597396977330842        26.061418651529706        20.706132073959143        15.457868712325066        10.274425006251725        5.1285346538137837        0.0000000000000000     
   0.0000000000000000        17.055043741547724        31.171129844436546        42.440282367873692        51.201828509172380        57.680845675181651        61.991075843081703        64.164074197394044        64.158826622495823        61.854466226092207        57.072168796752514        49.924097905326583        43.252863752668830        37.163235127219338        31.459973803149737        25.992854734577701        20.670726469240893        15.439443297700105        10.265166974610148        5.1246754207822836        0.0000000000000000     
   0.0000000000000000        13.743894019214194        26.049516823386035        36.419275487858997        44.746221949429454        51.033614764921403        55.301786087031580        57.564229629527162        57.827785100736982        56.113508050201553        52.530501067276489        47.484251318253833        42.019429741409184        36.536934002602848        31.136251914828875        25.822863928716242        20.580687777226828        15.391979860934818        10.241161464058454        5.1146372872662331        0.0000000000000000     
   0.0000000000000000        11.880656180833308        22.882811768711608        32.469058633537522        40.366391618260238        46.449180382630772        50.668078227949714        53.018178371822451        53.533180182363701        52.302139464682305        49.513692645580143        45.523832780634265        40.862267437426638        35.883715469349319        30.775079466204140        25.625225202558539        20.473392856514863        15.334595731064390        10.211899023774770        5.1023494967852239        0.0000000000000000     
   0.0000000000000000        10.905559604318329        21.151059263767067        30.235733482109712        37.837328089939859        43.772211953978939        47.953022187668346        50.362130686326616        51.043221873854542        50.109036638566437        47.759913811408133        44.295975942909550        40.080689303629974        35.415477213559612        30.504968819436566        25.473128473125346        20.389274721709221        15.289080009343614        10.188526693543070        5.0924989086609251        0.0000000000000000     
   0.0000000000000000        10.600163641583212        20.599176026606454        29.513465763985643        37.011197887907777        42.892892190262742        47.059521999771221        49.489005550837760        50.227144069802442        49.391731062303322        47.182566560258692        43.880324097596457        39.807634165939980        35.247431504219236        30.406033666214558        25.416609063122976        20.357709554352560        15.271891717368502        10.179666122744820        5.0887566768764509        0.0000000000000000     
   0.0000000000000000        10.905559604318329        21.151059263767063        30.235733482109708        37.837328089939852        43.772211953978932        47.953022187668346        50.362130686326616        51.043221873854542        50.109036638566437        47.759913811408133        44.295975942909550        40.080689303629974        35.415477213559612        30.504968819436566        25.473128473125346        20.389274721709221        15.289080009343614        10.188526693543070        5.0924989086609251        0.0000000000000000     
   0.0000000000000000        11.880656180833306        22.882811768711601        32.469058633537514        40.366391618260224        46.449180382630765        50.668078227949707        53.018178371822451        53.533180182363694        52.302139464682305        49.513692645580143        45.523832780634265        40.862267437426638        35.883715469349319        30.775079466204140        25.625225202558539        20.473392856514863        15.334595731064390        10.211899023774770        5.1023494967852239        0.0000000000000000     
   0.0000000000000000        13.743894019214190        26.049516823386028        36.419275487858982        44.746221949429440        51.033614764921396        55.301786087031573        57.564229629527155        57.827785100736975        56.113508050201553        52.530501067276489        47.484251318253833        42.019429741409184        36.536934002602848        31.136251914828875        25.822863928716242        20.580687777226828        15.391979860934818        10.241161464058454        5.1146372872662331        0.0000000000000000     
   0.0000000000000000        17.055043741547717        31.171129844436535        42.440282367873685        51.201828509172366        57.680845675181637        61.991075843081695        64.164074197394029        64.158826622495809        61.854466226092207        57.072168796752507        49.924097905326583        43.252863752668830        37.163235127219338        31.459973803149737        25.992854734577701        20.670726469240893        15.439443297700105        10.265166974610148        5.1246754207822836        0.0000000000000000     
   0.0000000000000000        23.314791771450125        39.158720271616041        50.996873452818178        59.976186626701086        66.540438618137244        70.867451530073396        72.997069933346765        72.847585047399377        70.134221092899693        64.041226529996379        51.947963975263200        43.963289782034401        37.458065192851720        31.597396977330842        26.061418651529706        20.706132073959143        15.457868712325066        10.274425006251725        5.1285346538137837        0.0000000000000000     
