   0.0000000000000000        23.042390964351835        38.620635276650020        50.206371221710960        58.952756052961298        65.309308296242733        69.458965769901667        71.445938665967944        71.192026377538099        68.415017882791901        62.300720475649442        50.229012112108443        42.308209202488172        35.907591960338983        30.189684783538624        24.831101705461215        19.683475066598881        14.668024516083904        9.7368181016007878        4.8563851936685474        0.0000000000000000     
   0.0000000000000000        16.782642934449427        30.633044849470519        41.649780136766459        50.178397935432564        56.449715353287132        60.582590082909981        62.612942930015272        62.503267952634495        60.135263015984421        55.331662742405605        48.205146042171826        41.597783173122600        35.612761894706601        30.052261609357522        24.762537788509213        19.648069461880635        14.649599101458945        9.7275600699592104        4.8525259606370472        0.0000000000000000     
   0.0000000000000000        13.471493212115890        25.511431828420005        35.628773256751764        43.722791375689624        49.802484443026870        53.893300326859837        56.013098362148369        56.172226430875654        54.394304840093753        50.789995012929580        45.765299455099075        40.364349161862954        34.986460770090112        29.728539721036661        24.592546982647754        19.558030769866569        14.602135664693654        9.7035545594075163        4.8424878271209968        0.0000000000000000     
   0.0000000000000000        11.608255373734998        22.344726773745577        31.678556402430281        39.342961044520393        45.218050060736218        49.259592467777942        51.467047104443644        51.877621512502358        50.582936254574498        47.773186591233234        43.804880917479501        39.207186857880409        34.333242236836576        29.367367272411929        24.394908256490055        19.450735849154608        14.544751534823231        9.6742921191238338        4.8302000366399893        0.0000000000000000     
   0.0000000000000000        10.633158797220021        20.612974268801040        29.445231251002433        36.813897516200008        42.541081632084364        46.544536427496546        48.810999418947787        49.387663203993185        48.389833428458623        46.019407757061217        42.577024079754786        38.425608724083752        33.865003981046868        29.097256625644356        24.242811527056862        19.366617714348966        14.499235813102457        9.6509197888921356        4.8203494485156906        0.0000000000000000     
   0.0000000000000000        10.327762834484904        20.061091031640430        28.722963532878378        35.987767314167932        41.661761868368174        45.651036239599421        47.937874283458932        48.571585399941071        47.672527852195500        45.442060505911769        42.161372234441686        38.152553586393758        33.696958271706499        28.998321472422347        24.186292117054492        19.335052546992301        14.482047521127345        9.6420592180938876        4.8166072167312164        0.0000000000000000     
   0.0000000000000000        10.633158797220021        20.612974268801040        29.445231251002433        36.813897516200008        42.541081632084364        46.544536427496546        48.810999418947787        49.387663203993185        48.389833428458623        46.019407757061209        42.577024079754779        38.425608724083745        33.865003981046868        29.097256625644352        24.242811527056862        19.366617714348966        14.499235813102455        9.6509197888921356        4.8203494485156906        0.0000000000000000     
   0.0000000000000000        11.608255373734998        22.344726773745577        31.678556402430281        39.342961044520393        45.218050060736218        49.259592467777935        51.467047104443637        51.877621512502358        50.582936254574498        47.773186591233227        43.804880917479494        39.207186857880409        34.333242236836576        29.367367272411926        24.394908256490051        19.450735849154604        14.544751534823229        9.6742921191238320        4.8302000366399893        0.0000000000000000     
   0.0000000000000000        13.471493212115890        25.511431828420005        35.628773256751764        43.722791375689624        49.802484443026863        53.893300326859830        56.013098362148362        56.172226430875654        54.394304840093753        50.789995012929580        45.765299455099068        40.364349161862954        34.986460770090105        29.728539721036658        24.592546982647750        19.558030769866566        14.602135664693652        9.7035545594075145        4.8424878271209959        0.0000000000000000     
   0.0000000000000000        16.782642934449427        30.633044849470519        41.649780136766459        50.178397935432564        56.449715353287125        60.582590082909974        62.612942930015265        62.503267952634488        60.135263015984407        55.331662742405605        48.205146042171826        41.597783173122600        35.612761894706601        30.052261609357519        24.762537788509206        19.648069461880628        14.649599101458941        9.7275600699592069        4.8525259606370454        0.0000000000000000     
   0.0000000000000000        23.042390964351835        38.620635276650020        50.206371221710960        58.952756052961298        65.309308296242733        69.458965769901653        71.445938665967930        71.192026377538099        68.415017882791886        62.300720475649442        50.229012112108443        42.308209202488172        35.907591960338983        30.189684783538620        24.831101705461208        19.683475066598874        14.668024516083898        9.7368181016007842        4.8563851936685456        0.0000000000000000     
