   0.0000000000000000        23.259541505151688        39.049581071426829        50.836534376158326        59.768598077241961        66.290714846315083        70.581744435901513        72.682417305092329        72.511737000510664        69.785449009004964        63.688119222794569        51.599216118552867        43.627487817988943        37.143475992189728        31.311764446765821        25.811773280523425        20.498618088106863        15.297593063257619        10.165331888905854        5.0733086146998136        0.0000000000000000     
   0.0000000000000000        16.999793475249280        31.061990644247327        42.279943291213812        50.994239959713227        57.431121903359482        61.705368748909905        63.849421569139729        63.822978575607095        61.505694142197477        56.719061489550732        49.575350048616251        42.917061788623371        36.848645926557346        31.174341272584716        25.743209363571424        20.463212483388613        15.279167648632660        10.156073857264278        5.0694493816683144        0.0000000000000000     
   0.0000000000000000        13.688643752915739        25.940377623196813        36.258936411199116        44.538633399970294        50.783890993099220        55.016078992859761        57.249577001272840        57.491937053848254        55.764735966306816        52.177393760074715        47.135503461543500        41.683627777363725        36.222344801940856        30.850619384263855        25.573218557709964        20.373173791374548        15.231704211867374        10.132068346712586        5.0594112481522640        0.0000000000000000     
   0.0000000000000000        11.825405914534846        22.773672568522386        32.308719556877641        40.158803068801070        46.199456610808589        50.382371133777880        52.703525743568115        53.197332135474966        51.953367380787569        49.160585338378368        45.175084923923933        40.526465473381187        35.569126268687327        30.489446935639126        25.375579831552265        20.265878870662583        15.174320081996944        10.102805906428900        5.0471234576712547        0.0000000000000000     
   0.0000000000000000        10.850309338019869        21.041920063577845        30.075394405449781        37.629739540480685        43.522488182156742        47.667315093496498        50.047478058072272        50.707373826965799        49.760264554671693        47.406806504206351        43.947228086199218        39.744887339584530        35.100888012897627        30.219336288871549        25.223483102119072        20.181760735856940        15.128804360276169        10.079433576197200        5.0372728695469560        0.0000000000000000     
   0.0000000000000000        10.544913375284752        20.490036826417239        29.353126687325727        36.803609338448609        42.643168418440546        46.773814905599366        49.174352922583410        49.891296022913693        49.042958978408578        46.829459253056910        43.531576240886125        39.471832201894529        34.932842303557251        30.120401135649537        25.166963692116699        20.150195568500280        15.111616068301059        10.070573005398952        5.0335306377624818        0.0000000000000000     
   0.0000000000000000        10.850309338019869        21.041920063577845        30.075394405449781        37.629739540480685        43.522488182156735        47.667315093496491        50.047478058072265        50.707373826965799        49.760264554671693        47.406806504206351        43.947228086199218        39.744887339584530        35.100888012897627        30.219336288871549        25.223483102119072        20.181760735856940        15.128804360276169        10.079433576197200        5.0372728695469560        0.0000000000000000     
   0.0000000000000000        11.825405914534846        22.773672568522386        32.308719556877641        40.158803068801063        46.199456610808589        50.382371133777880        52.703525743568107        53.197332135474966        51.953367380787569        49.160585338378368        45.175084923923933        40.526465473381187        35.569126268687327        30.489446935639126        25.375579831552265        20.265878870662583        15.174320081996944        10.102805906428900        5.0471234576712547        0.0000000000000000     
   0.0000000000000000        13.688643752915739        25.940377623196813        36.258936411199116        44.538633399970287        50.783890993099220        55.016078992859754        57.249577001272833        57.491937053848254        55.764735966306816        52.177393760074708        47.135503461543500        41.683627777363725        36.222344801940856        30.850619384263855        25.573218557709964        20.373173791374548        15.231704211867374        10.132068346712586        5.0594112481522640        0.0000000000000000     
   0.0000000000000000        16.999793475249280        31.061990644247327        42.279943291213812        50.994239959713219        57.431121903359475        61.705368748909898        63.849421569139714        63.822978575607088        61.505694142197463        56.719061489550725        49.575350048616244        42.917061788623364        36.848645926557346        31.174341272584716        25.743209363571424        20.463212483388613        15.279167648632660        10.156073857264278        5.0694493816683144        0.0000000000000000     
   0.0000000000000000        23.259541505151688        39.049581071426829        50.836534376158319        59.768598077241947        66.290714846315083        70.581744435901498        72.682417305092315        72.511737000510664        69.785449009004950        63.688119222794562        51.599216118552860        43.627487817988936        37.143475992189728        31.311764446765821        25.811773280523425        20.498618088106863        15.297593063257619        10.165331888905854        5.0733086146998136        0.0000000000000000     
