   0.0000000000000000        21.359350011585775        35.297521147897996        45.327911984574939        52.643069486049072        57.728454465522752        60.798546005597451        61.923894376099099        61.046813123437957        57.899343166699531        51.675037666263812        39.754958431527513        32.242163862464551        26.494512956087124        21.657361395028460        17.384936374949731        13.501884875480087        9.8985305645629875        6.4928718869246209        3.2149652764137540        0.0000000000000000     
   0.0000000000000000        15.099601981753256        27.309930720856727        36.771320899833078        43.868711368782243        48.868861522880842        51.922170318964014        53.090898640539720        52.358054698951925        49.619588300323642        44.705979933454763        37.731092362018522        31.531737833508618        26.199682890836570        21.519938221192810        17.316372458298424        13.466479271011076        9.8801051501299533        6.4836138554134228        3.2111060434481775        0.0000000000000000     
   0.0000000000000000        11.788452259603291        22.188317700168252        30.750314020349141        37.413104809724878        42.221630613443438        45.232880563851914        46.491054073702315        46.027013178287021        43.878630125563618        40.164312205117668        35.291245776065111        30.298303823322019        25.573381767220440        21.196216333776370        17.146381653224751        13.376440579649428        9.8326417138673357        6.4596083452032751        3.2010679101048178        0.0000000000000000     
   0.0000000000000000        9.9252144214494038        19.021612645941556        26.800097166684122        33.033274479403794        37.637196232169472        40.599172705929377        41.945002817269646        41.732408261265704        40.067261541441709        37.147503784828814        33.330827239829581        29.141141520665851        24.920163235203791        20.835043886269574        16.948742928040403        13.269145659744030        9.7752575846183021        6.4303459053417242        3.1887801198372667        0.0000000000000000     
   0.0000000000000000        8.9501178451178394        17.289860141359252        24.566772015787620        30.504210951769409        34.960227804339716        37.884116666585165        39.288955132802130        39.242449953849615        37.874158716455895        35.393724951795690        32.102970403223672        28.359563387941851        24.451924980414788        20.564933240406706        16.796646199394676        13.185027525590936        9.7297418634002870        6.4069735754515076        3.1789295318856436        0.0000000000000000     
   0.0000000000000000        8.6447218824527656        16.737976904336815        23.844504297866358        29.678080749999236        34.080908040937508        36.990616479045869        38.415829997705778        38.426372150214753        37.156853140623973        34.816377701080967        31.687318558338252        28.086508250661588        24.283879271456627        20.465998087530199        16.740126789693139        13.153462358483573        9.7125535716171925        6.3981130047836894        3.1751873001670905        0.0000000000000000     
   0.0000000000000000        8.9501178451178376        17.289860141359252        24.566772015787617        30.504210951769405        34.960227804339716        37.884116666585165        39.288955132802130        39.242449953849615        37.874158716455895        35.393724951795690        32.102970403223672        28.359563387941851        24.451924980414788        20.564933240406706        16.796646199394676        13.185027525590936        9.7297418634002870        6.4069735754515076        3.1789295318856436        0.0000000000000000     
   0.0000000000000000        9.9252144214494020        19.021612645941556        26.800097166684122        33.033274479403794        37.637196232169465        40.599172705929369        41.945002817269639        41.732408261265697        40.067261541441709        37.147503784828814        33.330827239829574        29.141141520665848        24.920163235203791        20.835043886269574        16.948742928040403        13.269145659744030        9.7752575846183021        6.4303459053417242        3.1887801198372667        0.0000000000000000     
   0.0000000000000000        11.788452259603289        22.188317700168252        30.750314020349141        37.413104809724871        42.221630613443438        45.232880563851914        46.491054073702308        46.027013178287014        43.878630125563610        40.164312205117660        35.291245776065104        30.298303823322019        25.573381767220440        21.196216333776370        17.146381653224751        13.376440579649428        9.8326417138673357        6.4596083452032751        3.2010679101048178        0.0000000000000000     
   0.0000000000000000        15.099601981753255        27.309930720856727        36.771320899833078        43.868711368782243        48.868861522880842        51.922170318964007        53.090898640539713        52.358054698951918        49.619588300323635        44.705979933454756        37.731092362018515        31.531737833508615        26.199682890836570        21.519938221192810        17.316372458298424        13.466479271011076        9.8801051501299533        6.4836138554134228        3.2111060434481775        0.0000000000000000     
   0.0000000000000000        21.359350011585775        35.297521147897996        45.327911984574939        52.643069486049065        57.728454465522745        60.798546005597444        61.923894376099092        61.046813123437950        57.899343166699524        51.675037666263805        39.754958431527506        32.242163862464551        26.494512956087124        21.657361395028460        17.384936374949731        13.501884875480087        9.8985305645629875        6.4928718869246209        3.2149652764137540        0.0000000000000000     
