   0.0000000000000000        23.385119129918674        39.297642594876919        51.200968679390940        60.240427420278060        66.858316336859531        71.231136701993208        73.397605265973652        73.275106197067558        70.578199737218384        64.490729740554357        52.391923491201553        44.390774547361119        37.858550446728806        31.961023278149518        26.379234469513055        20.970313996434950        15.661913860148038        10.413310945171139        5.1988428839020271        0.0000000000000000     
   0.0000000000000000        17.125371100016270        31.310052167697421        42.644377594446439        51.466069302749339        57.998723393903930        62.354761015001500        64.564609530020931        64.586347772164004        62.298444870410911        57.521672007310706        50.368057421264936        43.680348517995547        37.563720381096424        31.823600103968410        26.310670552561053        20.934908391716704        15.643488445523078        10.404052913529560        5.1949836508705269        0.0000000000000000     
   0.0000000000000000        13.814221377682740        26.188439146646903        36.623370714431736        45.010462743006407        51.351492483643675        55.665471258951364        57.964764962154028        58.255306250405155        56.557486694520243        52.980004277834681        47.928210834192186        42.446914506735901        36.937419256479927        31.499878215647545        26.140679746699593        20.844869699702638        15.596025008757788        10.380047402977866        5.1849455173544765        0.0000000000000000     
   0.0000000000000000        11.950983539301845        23.021734091972473        32.673153860110261        40.630632411837198        46.767058101353044        51.031763399869483        53.418713704449296        53.960701332031867        52.746118109000996        49.963195856138334        45.967792296572618        41.289752202753355        36.284200723226398        31.138705767022810        25.943041020541891        20.737574778990673        15.538640878887360        10.350784962694181        5.1726577268734681        0.0000000000000000     
   0.0000000000000000        10.975886962786866        21.289981587027931        30.439828708682434        38.101568883516812        44.090089672701197        48.316707359588094        50.762666018953439        51.470743023522701        50.553015282885120        48.209417021966324        44.739935458847903        40.508174068956698        35.815962467436691        30.868595120255236        25.790944291108698        20.653456644185031        15.493125157166586        10.327412632462481        5.1628071387491685        0.0000000000000000     
   0.0000000000000000        10.670491000051749        20.738098349867322        29.717560990558372        37.275438681484736        43.210769908985007        47.423207171690969        49.889540883464583        50.654665219470587        49.835709706621998        47.632069770816877        44.324283613534803        40.235118931266705        35.647916758096315        30.769659967033228        25.734424881106325        20.621891476828367        15.475936865191477        10.318552061664231        5.1590649069646943        0.0000000000000000     
   0.0000000000000000        10.975886962786866        21.289981587027931        30.439828708682427        38.101568883516805        44.090089672701197        48.316707359588094        50.762666018953439        51.470743023522701        50.553015282885120        48.209417021966324        44.739935458847903        40.508174068956698        35.815962467436691        30.868595120255236        25.790944291108698        20.653456644185031        15.493125157166586        10.327412632462481        5.1628071387491685        0.0000000000000000     
   0.0000000000000000        11.950983539301843        23.021734091972469        32.673153860110254        40.630632411837190        46.767058101353037        51.031763399869476        53.418713704449296        53.960701332031867        52.746118109000996        49.963195856138334        45.967792296572618        41.289752202753355        36.284200723226398        31.138705767022810        25.943041020541891        20.737574778990673        15.538640878887360        10.350784962694181        5.1726577268734681        0.0000000000000000     
   0.0000000000000000        13.814221377682738        26.188439146646900        36.623370714431729        45.010462743006400        51.351492483643668        55.665471258951357        57.964764962154028        58.255306250405155        56.557486694520243        52.980004277834681        47.928210834192186        42.446914506735901        36.937419256479927        31.499878215647545        26.140679746699593        20.844869699702638        15.596025008757788        10.380047402977866        5.1849455173544765        0.0000000000000000     
   0.0000000000000000        17.125371100016267        31.310052167697414        42.644377594446432        51.466069302749332        57.998723393903923        62.354761015001493        64.564609530020931        64.586347772164004        62.298444870410904        57.521672007310698        50.368057421264936        43.680348517995547        37.563720381096424        31.823600103968413        26.310670552561053        20.934908391716704        15.643488445523078        10.404052913529560        5.1949836508705269        0.0000000000000000     
   0.0000000000000000        23.385119129918671        39.297642594876912        51.200968679390932        60.240427420278053        66.858316336859531        71.231136701993208        73.397605265973638        73.275106197067558        70.578199737218384        64.490729740554343        52.391923491201553        44.390774547361119        37.858550446728806        31.961023278149518        26.379234469513055        20.970313996434950        15.661913860148038        10.413310945171139        5.1988428839020271        0.0000000000000000     
