   0.0000000000000000        22.651858593604985        37.849242107241494        49.073216831589988        57.485887421480690        63.545015004743675        67.440869750882882        69.223902547133804        68.820909017811786        65.953309375959961        59.809091621306528        47.768815079808505        39.939966838167550        33.689512933202671        28.176240604803414        23.071699648293158        18.221258275401723        13.538827217660454        8.9682999275978847        4.4673642974536376        0.0000000000000000     
   0.0000000000000000        16.392110563702577        29.861651680061993        40.516625746645389        48.711529303951764        54.685422061787420        58.564494063890812        60.390906811181068        60.132150592908154        57.673554509152481        52.840033888062692        45.744949009871888        39.229540808802000        33.394682867570289        28.038817430622320        23.003135731341153        18.185852670683477        13.520401803035506        8.9590418959563145        4.4635050644221419        0.0000000000000000     
   0.0000000000000000        13.080960841369048        24.740038659011475        34.495618866630601        42.255922744208618        48.038191151527101        51.875204307840661        53.791062243314201        53.801109071149327        51.932596333261820        48.298366158586717        43.305102422799202        37.996106797542382        32.768381742953821        27.715095542301469        22.833144925479719        18.095813978669433        13.472938366270226        8.9350363854046311        4.4534669309060968        0.0000000000000000     
   0.0000000000000000        11.217723002988155        21.573333604337044        30.545402012309033        37.876092413039359        43.453756769236414        47.241496448758760        49.245010985609490        49.506504152776067        48.121227747742608        45.281557736890420        41.344683885179698        36.838944493559964        32.115163209700434        27.353923093676883        22.635506199322144        17.988519057957568        13.415554236399869        8.9057739451209930        4.4411791404251115        0.0000000000000000     
   0.0000000000000000        10.242626426473178        19.841581099392499        28.312076860881174        35.347028884718924        40.776788340584567        44.526440408477391        46.588963300113662        47.016545844266922        45.928124921626768        43.527778902718424        40.116827047454983        36.057366359763428        31.646924953910972        27.083812446909455        22.483409469888997        17.904400923151986        13.370038514679162        8.8824016148893428        4.4313285523008368        0.0000000000000000     
   0.0000000000000000        9.9372304637380608        19.289697862231890        27.589809142757108        34.520898682686848        39.897468576868377        43.632940220580267        45.715838164624813        46.200468040214851        45.210819345363667        42.950431651568984        39.701175202141890        35.784311222073434        31.478879244570468        26.984877293687408        22.426890059886670        17.872835755795322        13.352850222704053        8.8735410440910929        4.4275863205163626        0.0000000000000000     
   0.0000000000000000        10.242626426473178        19.841581099392499        28.312076860881174        35.347028884718924        40.776788340584567        44.526440408477391        46.588963300113662        47.016545844266922        45.928124921626768        43.527778902718424        40.116827047454983        36.057366359763428        31.646924953910972        27.083812446909459        22.483409469888997        17.904400923151986        13.370038514679162        8.8824016148893428        4.4313285523008368        0.0000000000000000     
   0.0000000000000000        11.217723002988155        21.573333604337044        30.545402012309033        37.876092413039359        43.453756769236414        47.241496448758760        49.245010985609490        49.506504152776067        48.121227747742608        45.281557736890420        41.344683885179698        36.838944493559964        32.115163209700434        27.353923093676887        22.635506199322148        17.988519057957571        13.415554236399871        8.9057739451209930        4.4411791404251124        0.0000000000000000     
   0.0000000000000000        13.080960841369048        24.740038659011475        34.495618866630601        42.255922744208618        48.038191151527101        51.875204307840661        53.791062243314201        53.801109071149327        51.932596333261820        48.298366158586717        43.305102422799202        37.996106797542382        32.768381742953821        27.715095542301473        22.833144925479722        18.095813978669437        13.472938366270229        8.9350363854046329        4.4534669309060977        0.0000000000000000     
   0.0000000000000000        16.392110563702577        29.861651680061993        40.516625746645389        48.711529303951764        54.685422061787420        58.564494063890812        60.390906811181068        60.132150592908154        57.673554509152481        52.840033888062692        45.744949009871888        39.229540808802000        33.394682867570289        28.038817430622323        23.003135731341157        18.185852670683481        13.520401803035508        8.9590418959563145        4.4635050644221419        0.0000000000000000     
   0.0000000000000000        22.651858593604985        37.849242107241494        49.073216831589988        57.485887421480690        63.545015004743675        67.440869750882882        69.223902547133804        68.820909017811786        65.953309375959961        59.809091621306528        47.768815079808505        39.939966838167550        33.689512933202671        28.176240604803414        23.071699648293162        18.221258275401727        13.538827217660456        8.9682999275978847        4.4673642974536376        0.0000000000000000     
