   0.0000000000000000        23.196488255805576        38.925028652962403        50.653552535590819        59.531696361732521        66.005731178754360        70.255700913985308        72.323346818828071        72.128484983918554        69.387455251777709        63.285185152064678        51.201263308400769        43.244313687362016        36.784512706759749        30.985846946988403        25.526922120481139        20.261842394736281        15.114718423524396        10.040857356406569        5.0102963124287863        0.0000000000000000     
   0.0000000000000000        16.936740225903172        30.937438225782898        42.096961450646319        50.757338244203787        57.146138235798752        61.379325226993565        63.490351082875407        63.439726559015007        61.107700384970222        56.316127418820841        49.177397238464152        42.533887657996445        36.489682641127366        30.848423772807298        25.458358203529137        20.226436790018035        15.096293008899435        10.031599324764992        5.0064370793972879        0.0000000000000000     
   0.0000000000000000        13.625590503569644        25.815825204732384        36.075954570631616        44.301731684460854        50.498907325538497        54.690035470943421        56.890506515008511        57.108685037256166        55.366742209079554        51.774459689344816        46.737550651391402        41.300453646736798        35.863381516510870        30.524701884486436        25.288367397667677        20.136398098003966        15.048829572134146        10.007593814213298        4.9963989458812366        0.0000000000000000     
   0.0000000000000000        11.762352665188752        22.649120150057957        32.125737716310134        39.921901353291631        45.914472943247851        50.056327611861533        52.344455257303778        52.814080118882870        51.555373623560300        48.757651267648470        44.777132113771835        40.143291342754253        35.210162983257341        30.163529435861701        25.090728671509975        20.029103177292004        14.991445442263720        9.9783313739296133        4.9841111554002291        0.0000000000000000     
   0.0000000000000000        10.787256088673773        20.917367645113416        29.892412564882282        37.392837824971245        43.237504514596004        47.341271571580144        49.688407571807929        50.324121810373697        49.362270797444424        47.003872433476452        43.549275276047119        39.361713208957589        34.741924727467627        29.893418789094124        24.938631942076782        19.944985042486362        14.945929720542946        9.9549590436979152        4.9742605672759295        0.0000000000000000     
   0.0000000000000000        10.481860125938656        20.365484407952810        29.170144846758213        36.566707622939163        42.358184750879815        46.447771383683019        48.815282436319073        49.508044006321590        48.644965221181302        46.426525182327012        43.133623430734019        39.088658071267595        34.573879018127258        29.794483635872115        24.882112532074412        19.913419875129698        14.928741428567836        9.9460984728996653        4.9705183354914553        0.0000000000000000     
   0.0000000000000000        10.787256088673773        20.917367645113416        29.892412564882282        37.392837824971245        43.237504514596004        47.341271571580137        49.688407571807922        50.324121810373697        49.362270797444424        47.003872433476452        43.549275276047119        39.361713208957589        34.741924727467627        29.893418789094124        24.938631942076782        19.944985042486362        14.945929720542946        9.9549590436979152        4.9742605672759295        0.0000000000000000     
   0.0000000000000000        11.762352665188750        22.649120150057957        32.125737716310134        39.921901353291631        45.914472943247844        50.056327611861526        52.344455257303771        52.814080118882863        51.555373623560300        48.757651267648470        44.777132113771835        40.143291342754253        35.210162983257341        30.163529435861701        25.090728671509975        20.029103177292004        14.991445442263720        9.9783313739296133        4.9841111554002291        0.0000000000000000     
   0.0000000000000000        13.625590503569644        25.815825204732384        36.075954570631616        44.301731684460854        50.498907325538489        54.690035470943414        56.890506515008504        57.108685037256159        55.366742209079554        51.774459689344816        46.737550651391402        41.300453646736798        35.863381516510870        30.524701884486436        25.288367397667677        20.136398098003966        15.048829572134146        10.007593814213298        4.9963989458812366        0.0000000000000000     
   0.0000000000000000        16.936740225903172        30.937438225782898        42.096961450646319        50.757338244203787        57.146138235798745        61.379325226993558        63.490351082875392        63.439726559015000        61.107700384970222        56.316127418820834        49.177397238464152        42.533887657996445        36.489682641127366        30.848423772807298        25.458358203529137        20.226436790018035        15.096293008899435        10.031599324764992        5.0064370793972879        0.0000000000000000     
   0.0000000000000000        23.196488255805576        38.925028652962403        50.653552535590819        59.531696361732521        66.005731178754360        70.255700913985294        72.323346818828057        72.128484983918540        69.387455251777709        63.285185152064670        51.201263308400769        43.244313687362016        36.784512706759749        30.985846946988403        25.526922120481139        20.261842394736281        15.114718423524396        10.040857356406569        5.0102963124287863        0.0000000000000000     
