   0.0000000000000000        23.339797966563033        39.208116629527019        51.069443106710565        60.070141893817798        66.653465094524776        70.996765168303810        73.139485689022081        72.999595394930793        70.292082468490051        64.201051565866436        52.105817248601525        44.115284718166571        37.600459736555656        31.726685679393420        26.174418908478835        20.800062404908104        15.530417154246155        10.323805952763468        5.1535327466746352        0.0000000000000000     
   0.0000000000000000        17.080049936660629        31.220526202347518        42.512852021766065        51.295783776289078        57.793872151569175        62.120389481312117        64.306489953069345        64.310836970027225        62.012327601682571        57.231993832622820        50.081951178664909        43.404858688800999        37.305629670923274        31.589262505212314        26.105854991526829        20.764656800189854        15.511991739621195        10.314547921121889        5.1496735136431351        0.0000000000000000     
   0.0000000000000000        13.768900214327088        26.098913181297007        36.491845141751362        44.840177216546138        51.146641241308920        55.431099725261973        57.706645385202442        57.979795448268447        56.271369425791910        52.690326103146795        47.642104591592165        42.171424677541353        36.679328546306785        31.265540616891453        25.935864185665370        20.674618108175789        15.464528302855907        10.290542410570197        5.1396353801270847        0.0000000000000000     
   0.0000000000000000        11.905662375946191        22.932208126622580        32.541628287429887        40.460346885376929        46.562206859018282        50.797391866180085        53.160594127497710        53.685190529895159        52.460000840272663        49.673517681450456        45.681686053972591        41.014262373558807        36.026110013053248        30.904368168266721        25.738225459507667        20.567323187463824        15.407144172985479        10.261279970286511        5.1273475896460754        0.0000000000000000     
   0.0000000000000000        10.930565799431214        21.200455621678035        30.308303136002053        37.931283357056543        43.885238430366442        48.082335825898696        50.504546442001860        51.195232221385986        50.266898014156787        47.919738847278438        44.453829216247875        40.232684239762150        35.557871757263548        30.634257521499141        25.586128730074474        20.483205052658182        15.361628451264703        10.237907640054813        5.1174970015217767        0.0000000000000000     
   0.0000000000000000        10.625169836696097        20.648572384517429        29.586035417877994        37.105153155024468        43.005918666650253        47.188835638001571        49.631421306513005        50.379154417333879        49.549592437893665        47.342391596128991        44.038177370934783        39.959629102072157        35.389826047923172        30.535322368277132        25.529609320072101        20.451639885301518        15.344440159289594        10.229047069256563        5.1137547697373025        0.0000000000000000     
   0.0000000000000000        10.930565799431214        21.200455621678032        30.308303136002053        37.931283357056543        43.885238430366442        48.082335825898696        50.504546442001860        51.195232221385986        50.266898014156787        47.919738847278438        44.453829216247875        40.232684239762150        35.557871757263548        30.634257521499141        25.586128730074474        20.483205052658182        15.361628451264703        10.237907640054813        5.1174970015217767        0.0000000000000000     
   0.0000000000000000        11.905662375946191        22.932208126622577        32.541628287429887        40.460346885376929        46.562206859018282        50.797391866180085        53.160594127497710        53.685190529895159        52.460000840272663        49.673517681450456        45.681686053972591        41.014262373558807        36.026110013053248        30.904368168266721        25.738225459507667        20.567323187463824        15.407144172985479        10.261279970286511        5.1273475896460754        0.0000000000000000     
   0.0000000000000000        13.768900214327086        26.098913181297004        36.491845141751355        44.840177216546138        51.146641241308920        55.431099725261973        57.706645385202442        57.979795448268447        56.271369425791910        52.690326103146795        47.642104591592165        42.171424677541353        36.679328546306785        31.265540616891453        25.935864185665370        20.674618108175789        15.464528302855907        10.290542410570197        5.1396353801270847        0.0000000000000000     
   0.0000000000000000        17.080049936660625        31.220526202347514        42.512852021766058        51.295783776289070        57.793872151569175        62.120389481312117        64.306489953069345        64.310836970027225        62.012327601682564        57.231993832622820        50.081951178664909        43.404858688800999        37.305629670923274        31.589262505212314        26.105854991526829        20.764656800189854        15.511991739621195        10.314547921121889        5.1496735136431351        0.0000000000000000     
   0.0000000000000000        23.339797966563033        39.208116629527019        51.069443106710551        60.070141893817791        66.653465094524776        70.996765168303810        73.139485689022081        72.999595394930793        70.292082468490037        64.201051565866436        52.105817248601525        44.115284718166571        37.600459736555656        31.726685679393420        26.174418908478835        20.800062404908104        15.530417154246155        10.323805952763468        5.1535327466746352        0.0000000000000000     
