   0.0000000000000000        21.655537229208239        35.881974888629586        46.185047413741060        53.750138378956400        59.056266336151296        62.312376056305837        63.584537352663197        62.811737634561247        59.723899535360552        53.513673858828284        41.562402744968885        33.974539310340177        28.110355990468900        23.118525955100178        18.657372471652888        14.556288277750820        10.710866051546807        7.0447765644086395        3.4940404388166213        0.0000000000000000     
   0.0000000000000000        15.395789199313485        27.894384461465542        37.628456328819105        44.975780261457018        50.196673393230533        53.436000369354424        54.751541616755169        54.122979209704731        51.444144668601758        46.544616125633489        39.538536675080842        33.264113281020954        27.815525924879612        22.981102780958285        18.588808554734968        14.520882673060907        10.692440636943626        7.0355185327818468        3.4901812057925965        0.0000000000000000     
   0.0000000000000000        12.084639477000549        22.772771440455532        31.607449448863683        38.520173701790860        43.549442483062919        46.746710613409988        48.151697049004852        47.791937688069829        45.703186492839293        42.002948396286413        37.098690088134880        32.030679269883343        27.189224800376667        22.657380892740129        18.418817748963239        14.430843981120944        10.644977200235523        7.0115130222690691        3.4801430722962161        0.0000000000000000     
   0.0000000000000000        10.221401638645274        19.606066385831443        27.657232594615891        34.140343370717076        38.965008100886422        42.113002754458677        43.605645791443926        43.497332769849692        41.891817907478348        38.986139974749349        35.138271550672599        30.873516966051675        26.536006267263836        22.296208444242335        18.221179022916111        14.323549060500703        10.587593070435844        6.9822505820334539        3.4678552818395265        0.0000000000000000     
   0.0000000000000000        9.2463050621507445        17.874313880927581        25.423907443247852        31.611279842473774        36.288039672326470        39.397946714282192        40.949598106063547        41.007374461463655        39.698715081490050        37.232361140706317        33.910414713074204        30.091938832376659        26.067768011588001        22.026097797577723        18.069082293572372        14.239430925769307        10.542077348772343        6.9588782518406020        3.4580046937348858        0.0000000000000000     
   0.0000000000000000        8.9409090994234379        17.322430643782344        24.701639725146531        30.785149640471023        35.408719908645359        38.504446526424928        40.076472970618532        40.191296657458295        38.981409505275217        36.655013889605819        33.494762867809683        29.818883694733138        25.899722302291092        21.927162644394965        18.012562883604172        14.207865758441033        10.524889056819079        6.9500176810571839        3.4542624619578834        0.0000000000000000     
   0.0000000000000000        9.2463050621507445        17.874313880927581        25.423907443247849        31.611279842473774        36.288039672326470        39.397946714282192        40.949598106063547        41.007374461463655        39.698715081490050        37.232361140706317        33.910414713074204        30.091938832376659        26.067768011588001        22.026097797577723        18.069082293572372        14.239430925769307        10.542077348772343        6.9588782518406020        3.4580046937348858        0.0000000000000000     
   0.0000000000000000        10.221401638645274        19.606066385831443        27.657232594615888        34.140343370717069        38.965008100886415        42.113002754458677        43.605645791443926        43.497332769849692        41.891817907478348        38.986139974749349        35.138271550672599        30.873516966051675        26.536006267263836        22.296208444242335        18.221179022916111        14.323549060500703        10.587593070435844        6.9822505820334539        3.4678552818395265        0.0000000000000000     
   0.0000000000000000        12.084639477000547        22.772771440455529        31.607449448863679        38.520173701790853        43.549442483062911        46.746710613409988        48.151697049004845        47.791937688069829        45.703186492839293        42.002948396286413        37.098690088134880        32.030679269883343        27.189224800376667        22.657380892740129        18.418817748963239        14.430843981120944        10.644977200235523        7.0115130222690691        3.4801430722962161        0.0000000000000000     
   0.0000000000000000        15.395789199313482        27.894384461465535        37.628456328819091        44.975780261457011        50.196673393230526        53.436000369354417        54.751541616755162        54.122979209704731        51.444144668601758        46.544616125633489        39.538536675080842        33.264113281020954        27.815525924879612        22.981102780958285        18.588808554734968        14.520882673060907        10.692440636943626        7.0355185327818468        3.4901812057925965        0.0000000000000000     
   0.0000000000000000        21.655537229208235        35.881974888629578        46.185047413741046        53.750138378956393        59.056266336151289        62.312376056305830        63.584537352663190        62.811737634561240        59.723899535360552        53.513673858828284        41.562402744968885        33.974539310340177        28.110355990468900        23.118525955100178        18.657372471652888        14.556288277750820        10.710866051546807        7.0447765644086395        3.4940404388166213        0.0000000000000000     
