   0.0000000000000000        20.393009363988170        33.392818990898228        42.539705779053399        49.050961299399361        53.433754410340740        55.920514048143374        56.595477773938349        55.410115013445456        52.101057339710302        45.862066134493176        34.070394468761208        26.821777592500990        21.463824059726015        17.129329346910119        13.458248002921072        10.259776598166093        7.4080520648410539        4.8044815699537535        2.3623464930390630        0.0000000000000000     
   0.0000000000000000        14.133261351234912        25.405228597500638        33.983114743511919        40.276603245431453        44.574161543247982        47.044138447144746        47.762482131702079        46.721356687427630        43.821302574345573        38.893008502658468        32.046528497704685        26.111351657146198        21.168994081099648        16.991906250834298        13.389684153538600        10.224371049120945        7.3896266929094852        4.7952235672191987        2.3584872745940060        0.0000000000000000     
   0.0000000000000000        10.822111673799039        20.283615664892437        27.962107992836149        33.820996852092705        37.926930831600664        40.354848916227496        41.162637809187558        40.390315424555830        38.080344664036282        34.351341038675557        29.606682169503085        24.877917892010675        20.542693184268582        16.668184566995702        13.219693524576966        10.134332502860875        7.3421633679171245        4.7712181323472969        2.3484491792658591        0.0000000000000000     
   0.0000000000000000        8.9588738909148038        17.116910719538946        24.011891298386736        29.441166726611026        33.342496694808702        35.721141335425116        36.616586854754715        36.095710826184266        34.268976406793378        31.334532945146464        27.646263951866224        23.720755892254253        19.889474932573659        16.307012371124930        13.022055017079124        10.027037762310876        7.2847793762056812        4.7419557856089343        2.3361614359876941        0.0000000000000000     
   0.0000000000000000        7.9837773592973393        15.385158303036901        21.778566276298367        26.912103364695238        30.665528464769032        33.006085520275803        33.960539414610167        33.605752776561239        32.075873846258212        29.580754376467556        26.418407373012155        22.939178004581322        19.421236904569721        16.036901928839917        12.869958464545476        9.9429197732593639        7.2392637662579240        4.7185835310569599        2.3263108860512842        0.0000000000000000     
   0.0000000000000000        7.6783814137115343        14.833275099658151        21.056298607577432        26.085973226223917        29.786208776915895        32.112585418371303        33.087414372836946        32.789675071394619        31.358568371437421        29.003407226727152        26.002755626579152        22.666122960902232        19.253191282235733        15.937966853723230        12.813439122112749        9.9113546615758619        7.2220755169762771        4.7097229891657859        2.3225686688532519        0.0000000000000000     
   0.0000000000000000        7.9837773592973393        15.385158303036901        21.778566276298367        26.912103364695238        30.665528464769032        33.006085520275803        33.960539414610167        33.605752776561239        32.075873846258212        29.580754376467553        26.418407373012155        22.939178004581322        19.421236904569721        16.036901928839917        12.869958464545476        9.9429197732593639        7.2392637662579240        4.7185835310569599        2.3263108860512842        0.0000000000000000     
   0.0000000000000000        8.9588738909148038        17.116910719538946        24.011891298386736        29.441166726611026        33.342496694808702        35.721141335425116        36.616586854754715        36.095710826184266        34.268976406793378        31.334532945146464        27.646263951866224        23.720755892254253        19.889474932573659        16.307012371124930        13.022055017079124        10.027037762310876        7.2847793762056812        4.7419557856089343        2.3361614359876941        0.0000000000000000     
   0.0000000000000000        10.822111673799039        20.283615664892441        27.962107992836149        33.820996852092705        37.926930831600664        40.354848916227496        41.162637809187558        40.390315424555830        38.080344664036282        34.351341038675557        29.606682169503085        24.877917892010675        20.542693184268582        16.668184566995702        13.219693524576966        10.134332502860875        7.3421633679171245        4.7712181323472969        2.3484491792658591        0.0000000000000000     
   0.0000000000000000        14.133261351234912        25.405228597500642        33.983114743511926        40.276603245431460        44.574161543247982        47.044138447144746        47.762482131702079        46.721356687427630        43.821302574345573        38.893008502658468        32.046528497704685        26.111351657146198        21.168994081099648        16.991906250834298        13.389684153538600        10.224371049120945        7.3896266929094852        4.7952235672191987        2.3584872745940060        0.0000000000000000     
   0.0000000000000000        20.393009363988170        33.392818990898228        42.539705779053399        49.050961299399361        53.433754410340740        55.920514048143374        56.595477773938349        55.410115013445456        52.101057339710302        45.862066134493176        34.070394468761208        26.821777592500990        21.463824059726015        17.129329346910119        13.458248002921072        10.259776598166093        7.4080520648410539        4.8044815699537535        2.3623464930390630        0.0000000000000000     
