   0.0000000000000000        23.229055886851146        38.989361144069704        50.748064194668899        59.654057778442983        66.152926799597267        70.424103550653797        72.508807230185894        72.326434299506218        69.593017689838902        63.493298235331928        51.406802602077988        43.442218979715385        36.969912525333761        31.154178352567449        25.674042844524280        20.384132580357196        15.209169489818605        10.105145824279496        5.0428407990903779        0.0000000000000000     
   0.0000000000000000        16.969307856948738        31.001770716890203        42.191473109724399        50.879699660914255        57.293333856641667        61.547727863662089        63.675811494233230        63.637675874602706        61.313262823031415        56.524240502088098        49.382936532141372        42.731792950349814        36.675082459701379        31.016755178386347        25.605478927572275        20.348726975638947        15.190744075193644        10.095887792637919        5.0389815660588786        0.0000000000000000     
   0.0000000000000000        13.658158134615197        25.880157695839689        36.170466229709696        44.424093101171323        50.646102946381411        54.858438107611953        57.075966926366341        57.306634352843872        55.572304647140733        51.982572772612073        46.943089945068621        41.498358939090167        36.048781335084890        30.693033290065486        25.435488121710815        20.258688283624881        15.143280638428356        10.071882282086225        5.0289434325428273        0.0000000000000000     
   0.0000000000000000        11.794920296234304        22.713452641165262        32.220249375388221        40.044262770002099        46.061668564090766        50.224730248530065        52.529915668661616        53.012029434470584        51.760936061621486        48.965764350915734        44.982671407449054        40.341196635107622        35.395562801831360        30.331860841440751        25.237849395553113        20.151393362912916        15.085896508557928        10.042619841802541        5.0166556420618180        0.0000000000000000     
   0.0000000000000000        10.819823719719327        20.981700136220724        29.986924223960362        37.515199241681714        43.384700135438926        47.509674208248683        49.873867983165773        50.522071125961418        49.567833235505610        47.211985516743717        43.754814569724338        39.559618501310965        34.927324546041660        30.061750194673177        25.085752666119919        20.067275228107274        15.040380786837154        10.019247511570841        5.0068050539375193        0.0000000000000000     
   0.0000000000000000        10.514427756984210        20.429816899060114        29.264656505836296        36.689069039649631        42.505380371722730        46.616174020351558        49.000742847676918        49.705993321909304        48.850527659242488        46.634638265594262        43.339162724411246        39.286563363620971        34.759278836701284        29.962815041451169        25.029233256117546        20.035710060750613        15.023192494862043        10.010386940772593        5.0030628221530451        0.0000000000000000     
   0.0000000000000000        10.819823719719327        20.981700136220724        29.986924223960358        37.515199241681707        43.384700135438919        47.509674208248676        49.873867983165766        50.522071125961411        49.567833235505603        47.211985516743709        43.754814569724331        39.559618501310965        34.927324546041660        30.061750194673177        25.085752666119919        20.067275228107274        15.040380786837154        10.019247511570841        5.0068050539375193        0.0000000000000000     
   0.0000000000000000        11.794920296234304        22.713452641165262        32.220249375388214        40.044262770002092        46.061668564090766        50.224730248530058        52.529915668661609        53.012029434470577        51.760936061621479        48.965764350915727        44.982671407449047        40.341196635107622        35.395562801831360        30.331860841440751        25.237849395553113        20.151393362912916        15.085896508557928        10.042619841802541        5.0166556420618180        0.0000000000000000     
   0.0000000000000000        13.658158134615197        25.880157695839689        36.170466229709689        44.424093101171316        50.646102946381404        54.858438107611946        57.075966926366334        57.306634352843865        55.572304647140733        51.982572772612066        46.943089945068621        41.498358939090167        36.048781335084890        30.693033290065486        25.435488121710815        20.258688283624881        15.143280638428356        10.071882282086225        5.0289434325428273        0.0000000000000000     
   0.0000000000000000        16.969307856948738        31.001770716890203        42.191473109724392        50.879699660914248        57.293333856641659        61.547727863662082        63.675811494233216        63.637675874602692        61.313262823031408        56.524240502088091        49.382936532141372        42.731792950349814        36.675082459701379        31.016755178386347        25.605478927572275        20.348726975638947        15.190744075193644        10.095887792637919        5.0389815660588786        0.0000000000000000     
   0.0000000000000000        23.229055886851146        38.989361144069704        50.748064194668899        59.654057778442976        66.152926799597253        70.424103550653783        72.508807230185880        72.326434299506204        69.593017689838888        63.493298235331920        51.406802602077988        43.442218979715385        36.969912525333761        31.154178352567449        25.674042844524280        20.384132580357196        15.209169489818605        10.105145824279496        5.0428407990903779        0.0000000000000000     
