   0.0000000000000000        21.788586579230202        36.144587690320350        46.570358257328976        54.248110481848968        59.653992474932231        62.994459608175966        64.333537867078434        63.608663452477934        60.548729139297826        54.345887859962694        42.381509596252805        34.760579805852686        28.844374143928597        23.782996685341772        19.236579393829100        15.036647559014865        11.081194534179110        7.2965040436952089        3.6213670361852865        0.0000000000000000     
   0.0000000000000000        15.528838549330276        28.156997263146028        38.013767172391923        45.473752364330110        50.794399531987899        54.118083921197886        55.500542131141160        54.919905027590275        52.268974272506711        47.376830126735307        40.357643526332645        34.050153776502619        28.549544078310550        23.645573511173851        19.168015476888471        15.001241954306133        11.062769119561423        7.2872460120585520        3.6175078031562746        0.0000000000000000     
   0.0000000000000000        12.217688827003675        23.035384242109050        31.992760292397037        39.018145804612743        44.147168621758944        47.428794165183390        48.900697563314019        48.588863505873718        46.528016096659627        42.835162397302874        37.917796939302789        32.816719765284425        27.923242953732277        23.321851622887525        18.998024671057390        14.911203262316910        11.015305682815363        7.2632405015199586        3.6074696696468398        0.0000000000000000     
   0.0000000000000000        10.354450988631591        19.868679187451832        28.042543438100523        34.638315473476204        39.562734239507094        42.795086306145976        44.354646305658299        44.294258587552484        42.716647511194147        39.818353975660479        35.957378401736612        31.659557461353142        27.270024420526489        22.960679174305533        18.800385944936835        14.803908341635790        10.957921552968729        7.2339780612524303        3.5951818791740067        0.0000000000000000     
   0.0000000000000000        9.3793544121234529        18.136926682521054        25.809218286693021        32.109251945181782        36.885765810885651        40.080030265899410        41.698598620201174        41.804300279084828        40.523544685121408        38.064575141532046        34.729521564054274        30.877979327597533        26.801786164775390        22.690568527572800        18.648289215533669        14.719790206855141        10.912405831267254        7.2106057310337679        3.5853312910563107        0.0000000000000000     
   0.0000000000000000        9.0739584493909202        17.585043445365507        25.086950568576551        31.283121743159484        36.006446047181171        39.186530078015402        40.825473484726764        40.988222475048246        39.806239108874252        37.487227890398934        34.313869718757608        30.604924189923217        26.633740455449725        22.591633374364022        18.591769805542818        14.688225039508055        10.895217539299475        7.2017451602404927        3.5815890592743216        0.0000000000000000     
   0.0000000000000000        9.3793544121234529        18.136926682521054        25.809218286693021        32.109251945181782        36.885765810885651        40.080030265899410        41.698598620201174        41.804300279084828        40.523544685121408        38.064575141532046        34.729521564054274        30.877979327597533        26.801786164775390        22.690568527572800        18.648289215533669        14.719790206855141        10.912405831267254        7.2106057310337679        3.5853312910563107        0.0000000000000000     
   0.0000000000000000        10.354450988631591        19.868679187451832        28.042543438100520        34.638315473476197        39.562734239507087        42.795086306145976        44.354646305658299        44.294258587552484        42.716647511194147        39.818353975660479        35.957378401736612        31.659557461353142        27.270024420526489        22.960679174305533        18.800385944936835        14.803908341635790        10.957921552968729        7.2339780612524303        3.5951818791740067        0.0000000000000000     
   0.0000000000000000        12.217688827003673        23.035384242109046        31.992760292397030        39.018145804612736        44.147168621758937        47.428794165183383        48.900697563314019        48.588863505873718        46.528016096659627        42.835162397302874        37.917796939302789        32.816719765284432        27.923242953732277        23.321851622887525        18.998024671057390        14.911203262316910        11.015305682815363        7.2632405015199586        3.6074696696468398        0.0000000000000000     
   0.0000000000000000        15.528838549330274        28.156997263146028        38.013767172391915        45.473752364330103        50.794399531987892        54.118083921197879        55.500542131141160        54.919905027590275        52.268974272506711        47.376830126735307        40.357643526332645        34.050153776502619        28.549544078310550        23.645573511173851        19.168015476888471        15.001241954306133        11.062769119561423        7.2872460120585520        3.6175078031562746        0.0000000000000000     
   0.0000000000000000        21.788586579230198        36.144587690320350        46.570358257328969        54.248110481848954        59.653992474932217        62.994459608175951        64.333537867078419        63.608663452477927        60.548729139297826        54.345887859962694        42.381509596252805        34.760579805852686        28.844374143928601        23.782996685341772        19.236579393829100        15.036647559014865        11.081194534179110        7.2965040436952089        3.6213670361852865        0.0000000000000000     
