   0.0000000000000000        22.237527508310237        37.030960883945305        47.871474253070616        55.930742320614790        61.675310306419810        65.303222179257489        66.871498147236750        66.312139692793252        63.350289284066861        57.176094446941178        45.170673914587361        37.440477783156652        31.349881729161165        26.053608825475031        21.217783488335410        16.681128966831121        12.349857834994395        8.1592989743076991        4.0579121388298827        0.0000000000000000     
   0.0000000000000000        15.977779478407712        29.043370456765803        39.314883168126258        47.156384203086418        52.815717363463911        56.426846492266172        58.038502411284568        57.623381267890359        55.070534417260042        50.207036713697455        43.146807844651022        36.730051753791486        31.055051663528811        25.916185651294082        21.149219571383409        16.645723362112875        12.331432420369495        8.1500409426661573        4.0540529057984003        0.0000000000000000     
   0.0000000000000000        12.666629756074366        23.921757435715481        33.293876288111719        40.700777643343848        46.168486453204785        49.737556736217556        51.438657843419570        51.292339746133514        49.329576241371043        45.665368984222866        40.706961257579749        35.496617742533047        30.428750538913089        25.592463762973583        20.979228765522475        16.555684670099250        12.283968983604481        8.1260354321145165        4.0440147722824085        0.0000000000000000     
   0.0000000000000000        10.803391917693654        20.755052381041249        29.343659433790403        36.320947312175136        41.584052070915270        45.103848877137352        46.892606585716749        46.997734827762066        45.518207655853566        42.648560562527955        38.746542719961646        34.339455438551823        29.775532005660764        25.231291314349580        20.781590039365380        16.448389749387609        12.226584853734314        8.0967729918310258        4.0317269818014987        0.0000000000000000     
   0.0000000000000000        9.8282953411786789        19.023299876096907        27.110334282362963        33.791883783855269        38.907083642263530        42.388792836856688        44.236558900222121        44.507776519254108        43.325104829739054        40.894781728357046        37.518685882237250        33.557877304756104        29.307293749872052        24.961180667582735        20.629493309932265        16.364271614582112        12.181069132013802        8.0734006615995231        4.0218763936772994        0.0000000000000000     
   0.0000000000000000        9.5228993784435616        18.471416638936297        26.388066564238926        32.965753581823186        38.027763878547340        41.495292648959563        43.363433764733266        43.691698715202584        42.607799253476223        40.317434477207598        37.103034036924456        33.284822167066110        29.139248040532014        24.862245514360989        20.572973899929970        16.332706447225451        12.163880840038722        8.0645400908012732        4.0181341618928208        0.0000000000000000     
   0.0000000000000000        9.8282953411786806        19.023299876096907        27.110334282362963        33.791883783855269        38.907083642263530        42.388792836856688        44.236558900222121        44.507776519254108        43.325104829739054        40.894781728357046        37.518685882237250        33.557877304756104        29.307293749872052        24.961180667582735        20.629493309932265        16.364271614582112        12.181069132013802        8.0734006615995231        4.0218763936772994        0.0000000000000000     
   0.0000000000000000        10.803391917693656        20.755052381041249        29.343659433790403        36.320947312175136        41.584052070915270        45.103848877137352        46.892606585716749        46.997734827762066        45.518207655853566        42.648560562527955        38.746542719961646        34.339455438551823        29.775532005660764        25.231291314349580        20.781590039365380        16.448389749387609        12.226584853734314        8.0967729918310258        4.0317269818014987        0.0000000000000000     
   0.0000000000000000        12.666629756074368        23.921757435715481        33.293876288111719        40.700777643343848        46.168486453204785        49.737556736217556        51.438657843419570        51.292339746133514        49.329576241371043        45.665368984222866        40.706961257579749        35.496617742533047        30.428750538913089        25.592463762973583        20.979228765522475        16.555684670099250        12.283968983604481        8.1260354321145165        4.0440147722824085        0.0000000000000000     
   0.0000000000000000        15.977779478407712        29.043370456765803        39.314883168126265        47.156384203086418        52.815717363463911        56.426846492266172        58.038502411284568        57.623381267890359        55.070534417260042        50.207036713697455        43.146807844651022        36.730051753791486        31.055051663528811        25.916185651294082        21.149219571383409        16.645723362112875        12.331432420369497        8.1500409426661591        4.0540529057984012        0.0000000000000000     
   0.0000000000000000        22.237527508310237        37.030960883945305        47.871474253070616        55.930742320614790        61.675310306419810        65.303222179257489        66.871498147236750        66.312139692793252        63.350289284066861        57.176094446941178        45.170673914587361        37.440477783156652        31.349881729161165        26.053608825475031        21.217783488335410        16.681128966831121        12.349857834994397        8.1592989743077009        4.0579121388298836        0.0000000000000000     
