   0.0000000000000000        22.948633383659971        38.435435979814102        49.934304204678590        58.600539467756050        64.885637171904548        68.974295730323291        70.912226183773399        70.622432184364925        67.823581052559277        61.702011387625930        49.637772970964257        41.738991036306587        35.374397034897264        29.705623168413332        24.408070316451731        19.331866905846670        14.396475055804308        9.5519948317564403        4.7628253020651394        0.0000000000000000     
   0.0000000000000000        16.688885353757566        30.447845552634597        41.377713119734075        49.826181350227309        56.026044228948933        60.097920043331612        62.079230447820741        61.933673759461342        59.543826185751790        54.732953654382094        47.613906901027640        41.028565006941015        35.079566969264889        29.568199994232227        24.339506399499726        19.296461301128424        14.378049641179347        9.5427368001148629        4.7589660690336402        0.0000000000000000     
   0.0000000000000000        13.377735631424038        25.326232531584083        35.356706239719372        43.370574790484362        49.378813318688657        53.408630287281454        55.479385879953838        55.602632237702494        53.802868009861136        50.191285924906069        45.174060313954890        39.795130995681369        34.453265844648392        29.244478105911362        24.169515593638266        19.206422609114359        14.330586204414059        9.5187312895631706        4.7489279355175906        0.0000000000000000     
   0.0000000000000000        11.514497793043143        22.159527476909656        31.406489385397879        38.990744459315124        44.794378936398012        48.774922428199552        50.933334622249099        51.308027319329192        49.991499424341882        47.174477503209722        43.213641776335322        38.637968691698831        33.800047311394870        28.883305657286641        23.971876867480578        19.099127688402408        14.273202074543642        9.4894688492794934        4.7366401450365858        0.0000000000000000     
   0.0000000000000000        10.539401216528166        20.427774971965110        29.173164233970024        36.461680930994724        42.117410507746150        46.059866387918156        48.277286936753242        48.818069010820011        47.798396598225999        45.420698669037705        41.985784938610607        37.856390557902174        33.331809055605170        28.613195010519071        23.819780138047388        19.015009553596773        14.227686352822877        9.4660965190478006        4.7267895569122897        0.0000000000000000     
   0.0000000000000000        10.234005253793049        19.875891734804501        28.450896515845965        35.635550728962649        41.238090744029961        45.166366200021031        47.404161801264394        48.001991206767904        47.081091021962877        44.843351417888258        41.570133093297507        37.583335420212173        33.163763346264808        28.514259857297070        23.763260728045022        18.983444386240105        14.210498060847764        9.4572359482495489        4.7230473251278156        0.0000000000000000     
   0.0000000000000000        10.539401216528166        20.427774971965110        29.173164233970020        36.461680930994724        42.117410507746150        46.059866387918156        48.277286936753242        48.818069010820011        47.798396598225992        45.420698669037705        41.985784938610607        37.856390557902174        33.331809055605170        28.613195010519071        23.819780138047388        19.015009553596769        14.227686352822873        9.4660965190477988        4.7267895569122889        0.0000000000000000     
   0.0000000000000000        11.514497793043143        22.159527476909652        31.406489385397872        38.990744459315117        44.794378936398004        48.774922428199552        50.933334622249099        51.308027319329184        49.991499424341875        47.174477503209722        43.213641776335322        38.637968691698831        33.800047311394870        28.883305657286638        23.971876867480574        19.099127688402405        14.273202074543637        9.4894688492794899        4.7366401450365849        0.0000000000000000     
   0.0000000000000000        13.377735631424036        25.326232531584079        35.356706239719365        43.370574790484355        49.378813318688650        53.408630287281447        55.479385879953831        55.602632237702487        53.802868009861129        50.191285924906069        45.174060313954890        39.795130995681369        34.453265844648392        29.244478105911355        24.169515593638263        19.206422609114355        14.330586204414054        9.5187312895631671        4.7489279355175888        0.0000000000000000     
   0.0000000000000000        16.688885353757566        30.447845552634593        41.377713119734075        49.826181350227301        56.026044228948926        60.097920043331598        62.079230447820727        61.933673759461328        59.543826185751790        54.732953654382086        47.613906901027633        41.028565006941008        35.079566969264881        29.568199994232220        24.339506399499722        19.296461301128421        14.378049641179341        9.5427368001148611        4.7589660690336393        0.0000000000000000     
   0.0000000000000000        22.948633383659971        38.435435979814095        49.934304204678590        58.600539467756043        64.885637171904534        68.974295730323277        70.912226183773384        70.622432184364911        67.823581052559277        61.702011387625923        49.637772970964249        41.738991036306579        35.374397034897257        29.705623168413325        24.408070316451727        19.331866905846667        14.396475055804302        9.5519948317564385        4.7628253020651385        0.0000000000000000     
