   0.0000000000000000        23.459637399823109        39.444843867191189        51.417227646736556        60.520418073315241        67.195143205793045        71.616504760518126        73.822024302843928        73.728124611188093        71.048661988230648        64.967051106086188        52.862375358413829        44.843773210320407        38.282942298457961        32.346359378624712        26.716027735763802        21.250272691421582        15.878145642352059        10.560492466323884        5.2733507700063216        0.0000000000000000     
   0.0000000000000000        17.199889369920704        31.457253440011684        42.860636561792056        51.746059955786521        58.335550262837451        62.740129073526305        64.989028566891193        65.039366186284525        62.768907121423162        57.997993372842586        50.838509288477212        44.133347180954729        37.988112232825586        32.208936204443582        26.647463818811769        21.214867086703332        15.859720227727092        10.551234434682300        5.2694915369748196        0.0000000000000000     
   0.0000000000000000        13.888739647587169        26.335640418961169        36.839629681777353        45.290453396043581        51.688319352577196        56.050839317476154        58.389183999024269        58.708324664525712        57.027948945532508        53.456325643366533        48.398662701404405        42.899913169694983        37.361811108208720        31.885214316122060        26.477473012950259        21.124828394689242        15.812256790961793        10.527228924130602        5.2594534034587666        0.0000000000000000     
   0.0000000000000000        12.025501809206274        23.168935364286746        32.889412827455878        40.910623064874365        47.103884970286551        51.417131458394252        53.843132741319508        54.413719746152410        53.216580360013239        50.439517221670158        46.438244163784773        41.742750865712352        36.708592574955006        31.524041867497033        26.279834286792369        21.017533473977160        15.754872661091312        10.497966483846888        5.2471656129777458        0.0000000000000000     
   0.0000000000000000        11.050405232691297        21.437182859342201        30.656087676028044        38.381559536553972        44.426916541634704        48.702075418112855        51.187085055823630        51.923761437643229        51.023477533897349        48.685738387498120        45.210387326060022        40.961172731915617        36.240354319165206        31.253931220729267        26.127737557359097        20.933415339171461        15.709356939370485        10.474594153615161        5.2373150248534355        0.0000000000000000     
   0.0000000000000000        10.745009269956180        20.885299622181591        29.933819957903992        37.555429334521897        43.547596777918514        47.808575230215730        50.313959920334774        51.107683633591108        50.306171957634227        48.108391136348679        44.794735480746922        40.688117594225616        36.072308609824752        31.154996067507177        26.071218147356646        20.901850171814797        15.692168647395375        10.465733582816911        5.2335727930689613        0.0000000000000000     
   0.0000000000000000        11.050405232691297        21.437182859342201        30.656087676028044        38.381559536553972        44.426916541634704        48.702075418112855        51.187085055823630        51.923761437643229        51.023477533897349        48.685738387498120        45.210387326060022        40.961172731915617        36.240354319165206        31.253931220729267        26.127737557359097        20.933415339171461        15.709356939370485        10.474594153615161        5.2373150248534355        0.0000000000000000     
   0.0000000000000000        12.025501809206274        23.168935364286746        32.889412827455878        40.910623064874365        47.103884970286551        51.417131458394252        53.843132741319508        54.413719746152410        53.216580360013239        50.439517221670158        46.438244163784773        41.742750865712352        36.708592574955006        31.524041867497033        26.279834286792369        21.017533473977160        15.754872661091312        10.497966483846888        5.2471656129777458        0.0000000000000000     
   0.0000000000000000        13.888739647587169        26.335640418961169        36.839629681777353        45.290453396043581        51.688319352577196        56.050839317476154        58.389183999024269        58.708324664525712        57.027948945532501        53.456325643366533        48.398662701404398        42.899913169694983        37.361811108208720        31.885214316122052        26.477473012950259        21.124828394689242        15.812256790961793        10.527228924130602        5.2594534034587666        0.0000000000000000     
   0.0000000000000000        17.199889369920704        31.457253440011684        42.860636561792056        51.746059955786521        58.335550262837451        62.740129073526305        64.989028566891193        65.039366186284525        62.768907121423148        57.997993372842579        50.838509288477205        44.133347180954729        37.988112232825578        32.208936204443575        26.647463818811769        21.214867086703332        15.859720227727092        10.551234434682300        5.2694915369748196        0.0000000000000000     
   0.0000000000000000        23.459637399823109        39.444843867191189        51.417227646736556        60.520418073315241        67.195143205793045        71.616504760518126        73.822024302843928        73.728124611188079        71.048661988230634        64.967051106086174        52.862375358413821        44.843773210320400        38.282942298457954        32.346359378624705        26.716027735763802        21.250272691421582        15.878145642352059        10.560492466323884        5.2733507700063216        0.0000000000000000     
