   0.0000000000000000        23.363206350175279        39.254356776359792        51.137375996635704        60.158094195933998        66.759270428624305        71.117817517121679        73.272803639347913        73.141895618675875        70.439860627627667        64.350668643371890        52.253589175475987        44.257573087442765        37.733761370604924        31.847718847277655        26.280204074551229        20.887995526090720        15.598333727894659        10.370034245127352        5.1769348980237542        0.0000000000000000     
   0.0000000000000000        17.103458320272871        31.266766349180291        42.580784911691204        51.383736078405278        57.899677485668711        62.241441830129894        64.439807903395177        64.453137193772307        62.160105760820187        57.381610910128202        50.229723105539371        43.547147058077194        37.438931304972542        31.710295673096550        26.211640157599223        20.852589921372470        15.579908313269698        10.360776213485774        5.1730756649922549        0.0000000000000000     
   0.0000000000000000        13.792308597939339        26.145153328129776        36.559778031676508        44.928129518662338        51.252446575408456        55.552152074079764        57.839963335528303        58.122095672013515        56.419147584929512        52.839943180652178        47.789876518466620        42.313713046817547        36.812630180356045        31.386573784775685        26.041649351737767        20.762551229358404        15.532444876504410        10.336770702934080        5.1630375314762036        0.0000000000000000     
   0.0000000000000000        11.929070759558444        22.978448273455349        32.609561177355026        40.548299187493129        46.668012193117825        50.918444214997891        53.293912077823599        53.827490753640227        52.607778999410264        49.823134758955831        45.829457980847046        41.156550742835002        36.159411647102516        31.025401336150949        25.844010625580065        20.655256308646440        15.475060746633982        10.307508262650394        5.1507497409951943        0.0000000000000000     
   0.0000000000000000        10.953974183043467        21.246695768510808        30.376236025927188        38.019235659172743        43.991043764465985        48.203388174716522        50.637864392327771        51.337532445131075        50.414676173294396        48.069355924783814        44.601601143122330        40.374972609038345        35.691173391312816        30.755290689383376        25.691913896146872        20.571138173840797        15.429545024913208        10.284135932418694        5.1408991528708956        0.0000000000000000     
   0.0000000000000000        10.648578220308350        20.694812531350195        29.653968307803140        37.193105457140668        43.111724000749795        47.309887986819398        49.764739256838922        50.521454641078982        49.697370597031288        47.492008673634366        44.185949297809231        40.101917471348351        35.523127681972440        30.656355536161367        25.635394486144499        20.539573006484133        15.412356732938097        10.275275361620446        5.1371569210864214        0.0000000000000000     
   0.0000000000000000        10.953974183043467        21.246695768510804        30.376236025927188        38.019235659172743        43.991043764465985        48.203388174716522        50.637864392327771        51.337532445131068        50.414676173294396        48.069355924783814        44.601601143122330        40.374972609038345        35.691173391312816        30.755290689383376        25.691913896146872        20.571138173840797        15.429545024913208        10.284135932418694        5.1408991528708956        0.0000000000000000     
   0.0000000000000000        11.929070759558444        22.978448273455346        32.609561177355026        40.548299187493129        46.668012193117818        50.918444214997884        53.293912077823592        53.827490753640227        52.607778999410264        49.823134758955831        45.829457980847046        41.156550742835002        36.159411647102516        31.025401336150949        25.844010625580065        20.655256308646440        15.475060746633982        10.307508262650394        5.1507497409951943        0.0000000000000000     
   0.0000000000000000        13.792308597939337        26.145153328129769        36.559778031676508        44.928129518662338        51.252446575408442        55.552152074079757        57.839963335528296        58.122095672013508        56.419147584929512        52.839943180652178        47.789876518466620        42.313713046817547        36.812630180356045        31.386573784775685        26.041649351737767        20.762551229358404        15.532444876504410        10.336770702934080        5.1630375314762036        0.0000000000000000     
   0.0000000000000000        17.103458320272868        31.266766349180283        42.580784911691204        51.383736078405271        57.899677485668697        62.241441830129880        64.439807903395163        64.453137193772307        62.160105760820180        57.381610910128195        50.229723105539371        43.547147058077194        37.438931304972542        31.710295673096550        26.211640157599227        20.852589921372470        15.579908313269698        10.360776213485774        5.1730756649922549        0.0000000000000000     
   0.0000000000000000        23.363206350175275        39.254356776359785        51.137375996635697        60.158094195933991        66.759270428624291        71.117817517121665        73.272803639347899        73.141895618675861        70.439860627627667        64.350668643371890        52.253589175475987        44.257573087442765        37.733761370604924        31.847718847277655        26.280204074551232        20.887995526090720        15.598333727894659        10.370034245127352        5.1769348980237542        0.0000000000000000     
