   0.0000000000000000        22.782502297910604        38.107285740494540        49.452255348218650        57.976517226720873        64.135072394601053        68.115738525154882        69.966882427891591        69.613634967723996        66.776210698348663        60.641878862748143        48.590982256015899        40.731296359060522        34.430570794305133        28.848849909459688        23.659381291203182        18.709628611026204        13.915943714633951        9.2249471318316978        4.5972738555779618        0.0000000000000000     
   0.0000000000000000        16.522754268008203        30.119695313315042        40.895664263274085        49.202159109192067        55.275479451645452        59.239362838163103        61.133886691938876        60.924876542820407        58.496455831541176        53.672821129504307        46.567116186079282        40.020870329694958        34.135740728672758        28.711426735278586        23.590817374251181        18.674223006307958        13.897518300008993        9.2156891001901222        4.5934146225464634        0.0000000000000000     
   0.0000000000000000        13.211604545674668        24.998082292264524        34.874657383259333        42.746552549449056        48.628248541385119        52.550073082112910        54.534042124071952        54.593835021061551        52.755497655650515        49.131153400028296        44.127269599006553        38.787436318435319        33.509439604056276        28.387704846957728        23.420826568389725        18.584184314293896        13.850054863243708        9.1916835896384335        4.5833764890304147        0.0000000000000000     
   0.0000000000000000        11.348366707293771        21.831377237590093        30.924440528937797        38.366722218279762        44.043814159094403        47.916365223030965        49.987990866367198        50.299230102688256        48.944129070131261        46.114344978331957        42.166851061387000        37.630274014452795        32.856221070802782        28.026532398333035        23.223187842232072        18.476889393581978        13.792670733373319        9.1624211493547776        4.5710886985494223        0.0000000000000000     
   0.0000000000000000        10.373270130778794        20.099624732645552        28.691115377509931        35.837658689959305        41.366845730442499        45.201309182749540        47.331943180871320        47.809271794179075        46.751026244015385        44.360566144159939        40.938994223662284        36.848695880656173        32.387982815013103        27.756421751565501        23.071091112798911        18.392771258776374        13.747155011652582        9.1390488191231061        4.5612381104251396        0.0000000000000000     
   0.0000000000000000        10.067874168043677        19.547741495484942        27.968847659385858        35.011528487927222        40.487525966726309        44.307808994852415        46.458818045382465        46.993193990126954        46.033720667752263        43.783218893010492        40.523342378349192        36.575640742966172        32.219937105672763        27.657486598343528        23.014571702796569        18.361206091419710        13.729966719677472        9.1301882483248562        4.5574958786406663        0.0000000000000000     
   0.0000000000000000        10.373270130778794        20.099624732645552        28.691115377509931        35.837658689959305        41.366845730442499        45.201309182749540        47.331943180871320        47.809271794179075        46.751026244015385        44.360566144159939        40.938994223662284        36.848695880656173        32.387982815013103        27.756421751565501        23.071091112798911        18.392771258776374        13.747155011652584        9.1390488191231078        4.5612381104251405        0.0000000000000000     
   0.0000000000000000        11.348366707293771        21.831377237590093        30.924440528937797        38.366722218279762        44.043814159094403        47.916365223030965        49.987990866367198        50.299230102688256        48.944129070131261        46.114344978331957        42.166851061387000        37.630274014452795        32.856221070802782        28.026532398333035        23.223187842232075        18.476889393581981        13.792670733373321        9.1624211493547776        4.5710886985494223        0.0000000000000000     
   0.0000000000000000        13.211604545674668        24.998082292264524        34.874657383259333        42.746552549449056        48.628248541385119        52.550073082112910        54.534042124071952        54.593835021061551        52.755497655650515        49.131153400028289        44.127269599006546        38.787436318435319        33.509439604056276        28.387704846957728        23.420826568389725        18.584184314293896        13.850054863243708        9.1916835896384335        4.5833764890304147        0.0000000000000000     
   0.0000000000000000        16.522754268008203        30.119695313315042        40.895664263274085        49.202159109192067        55.275479451645452        59.239362838163103        61.133886691938876        60.924876542820407        58.496455831541169        53.672821129504300        46.567116186079275        40.020870329694951        34.135740728672758        28.711426735278586        23.590817374251181        18.674223006307958        13.897518300008993        9.2156891001901222        4.5934146225464634        0.0000000000000000     
   0.0000000000000000        22.782502297910604        38.107285740494540        49.452255348218650        57.976517226720873        64.135072394601053        68.115738525154882        69.966882427891591        69.613634967723996        66.776210698348663        60.641878862748136        48.590982256015891        40.731296359060515        34.430570794305133        28.848849909459688        23.659381291203182        18.709628611026204        13.915943714633951        9.2249471318316996        4.5972738555779626        0.0000000000000000     
