   0.0000000000000000        21.512746407977861        35.600182029415905        45.771710055465547        53.216148340471129        58.415611555388871        61.581713934946691        62.782698175286832        61.959178759922565        58.842131844998995        52.624681418163568        40.688074917713841        33.136131896277014        27.327994627576903        22.410761377942631        18.040793593646239        14.045195783467063        10.317006507755661        6.7771351657703933        3.3586894806926959        0.0000000000000000     
   0.0000000000000000        15.252998378098686        27.612591602282595        37.215118970588740        44.441790223030026        49.556018612538004        52.705338248075073        53.949702439466293        53.270420335159123        50.562376978336481        45.655623685065812        38.664208847921209        32.425705867049295        27.033164562072983        22.273338203877962        17.972229676795575        14.009790178832921        10.298581093195445        6.7678771341728057        3.3548302476834406        0.0000000000000000     
   0.0000000000000000        11.941848655826583        22.490978581353122        31.194112090751460        37.986183663516393        42.908787702553489        46.016048492339458        47.349857871945140        46.939378813767945        44.821418802825995        41.113955955972862        36.224362261225124        31.192271856151258        26.406863437793554        21.949616315861999        17.802238871200025        13.919751487038976        10.251117656599861        6.7438716237364877        3.3447921142257289        0.0000000000000000     
   0.0000000000000000        10.078610817521730        19.324273526828559        27.243895236649646        33.606353332631322        38.324353320603272        41.382340633646223        42.803806614667387        42.644773895848850        41.010050217776445        38.097147534749645        34.263943724071552        30.035109552615669        25.753644904957035        21.588443867614163        17.604600145370611        13.812456566599215        10.193733526939265        6.7146091835953685        3.3325043238168277        0.0000000000000000     
   0.0000000000000000        9.1035142410680177        17.592521022005229        25.010570085399742        31.077289804540591        35.647384892226391        38.667284593678524        40.147758929516208        40.154815587706466        38.816947392040184        36.343368700960653        33.036086886723012        29.253531419180227        25.285406649504733        21.318333221151779        17.452503416203015        13.728338432013823        10.148217805388281        6.6912368534789834        3.3226537357508539        0.0000000000000000     
   0.0000000000000000        8.7981182783562986        17.040637784890770        24.288302367343533        30.251159602596125        34.768065128615213        37.773784405901040        39.274633794158760        39.338737783794187        38.099641815921586        35.766021449957172        32.620435041553883        28.980476281628192        25.117360940293217        21.219398068046253        17.395984006302118        13.696773264741323        10.131029513477991        6.6823762827247668        3.3189115039886232        0.0000000000000000     
   0.0000000000000000        9.1035142410680177        17.592521022005229        25.010570085399742        31.077289804540591        35.647384892226391        38.667284593678524        40.147758929516208        40.154815587706459        38.816947392040177        36.343368700960646        33.036086886723012        29.253531419180227        25.285406649504733        21.318333221151779        17.452503416203015        13.728338432013823        10.148217805388281        6.6912368534789834        3.3226537357508539        0.0000000000000000     
   0.0000000000000000        10.078610817521730        19.324273526828559        27.243895236649646        33.606353332631322        38.324353320603272        41.382340633646223        42.803806614667380        42.644773895848843        41.010050217776438        38.097147534749645        34.263943724071552        30.035109552615669        25.753644904957035        21.588443867614163        17.604600145370611        13.812456566599215        10.193733526939265        6.7146091835953685        3.3325043238168277        0.0000000000000000     
   0.0000000000000000        11.941848655826581        22.490978581353119        31.194112090751460        37.986183663516393        42.908787702553489        46.016048492339458        47.349857871945140        46.939378813767938        44.821418802825995        41.113955955972862        36.224362261225124        31.192271856151258        26.406863437793554        21.949616315861999        17.802238871200025        13.919751487038976        10.251117656599861        6.7438716237364877        3.3447921142257289        0.0000000000000000     
   0.0000000000000000        15.252998378098685        27.612591602282592        37.215118970588733        44.441790223030026        49.556018612538004        52.705338248075073        53.949702439466293        53.270420335159116        50.562376978336481        45.655623685065812        38.664208847921209        32.425705867049295        27.033164562072983        22.273338203877962        17.972229676795575        14.009790178832921        10.298581093195445        6.7678771341728057        3.3548302476834406        0.0000000000000000     
   0.0000000000000000        21.512746407977858        35.600182029415897        45.771710055465547        53.216148340471129        58.415611555388871        61.581713934946691        62.782698175286832        61.959178759922565        58.842131844998995        52.624681418163568        40.688074917713841        33.136131896277014        27.327994627576903        22.410761377942631        18.040793593646239        14.045195783467063        10.317006507755661        6.7771351657703933        3.3586894806926959        0.0000000000000000     
