   0.0000000000000000        22.502578295799726        37.554402742969060        48.640164784755278        56.925404872415413        62.871042787867523        66.670150390764448        68.375553603200885        67.915938652919522        65.014087417595803        58.858790279839170        46.830833923436693        39.037356618916064        32.844412451059512        27.409340040550287        22.401742751011398        17.664594522201671        13.109023632615427        8.6758207089662029        4.3193248016408443        0.0000000000000000     
   0.0000000000000000        16.242830265897318        29.566812315789555        40.083573699810742        48.151046754886558        54.011449844911269        57.793774703772343        59.542557867248149        59.227180228015911        56.734332550788316        51.889732546595340        44.806967853500076        38.326930589550535        32.549582385427129        27.271916866369189        22.333178834059392        17.629188917483425        13.090598217990493        8.6665626773246451        4.3154655686093566        0.0000000000000000     
   0.0000000000000000        12.931680543563786        24.445199294739044        34.062566819796011        41.695440195143497        47.364218934651113        51.104484947722405        52.942713299381481        52.896138706257204        50.993374374897655        47.348064817119493        42.367121266427517        37.093496578290932        31.923281260810572        26.948194978048331        22.163188028198011        17.539150225469420        13.043134781225232        8.6425571667729741        4.3054274350933168        0.0000000000000000     
   0.0000000000000000        11.068442705182894        21.278494240064614        30.112349965474490        37.315609863974323        42.779784552360589        46.470777088640737        48.396662041676983        48.601533787884101        47.182005789378600        44.331256395423324        40.406702728808142        35.936334274308635        31.270062727557413        26.587022529423859        21.965549302040493        17.431855304757605        12.985750651354911        8.6132947264893609        4.2931396446123467        0.0000000000000000     
   0.0000000000000000        10.093346128667918        19.546741735120072        27.879024814046655        34.786546335653988        40.102816123708848        43.755721048359533        45.740614356181368        46.111575479375126        44.988902963262916        42.577477561251413        39.178845891083427        35.154756140512241        30.801824471768096        26.316911882656548        21.813452572607378        17.347737169952055        12.940234929634240        8.5899223962577338        4.2832890564880870        0.0000000000000000     
   0.0000000000000000        9.7879501659328003        18.994858497959459        27.156757095922615        33.960416133621905        39.223496359992659        42.862220860462408        44.867489220692512        45.295497675323205        44.271597386999900        42.000130310101973        38.763194045770327        34.881701002822240        30.633778762427593        26.217976729434515        21.756933162605080        17.316172002595394        12.923046637659128        8.5810618254594839        4.2795468247036128        0.0000000000000000     
   0.0000000000000000        10.093346128667918        19.546741735120072        27.879024814046655        34.786546335653988        40.102816123708848        43.755721048359533        45.740614356181368        46.111575479375126        44.988902963262916        42.577477561251413        39.178845891083427        35.154756140512241        30.801824471768096        26.316911882656548        21.813452572607382        17.347737169952058        12.940234929634240        8.5899223962577338        4.2832890564880870        0.0000000000000000     
   0.0000000000000000        11.068442705182894        21.278494240064614        30.112349965474490        37.315609863974323        42.779784552360589        46.470777088640737        48.396662041676983        48.601533787884101        47.182005789378600        44.331256395423324        40.406702728808142        35.936334274308635        31.270062727557413        26.587022529423859        21.965549302040497        17.431855304757608        12.985750651354911        8.6132947264893609        4.2931396446123467        0.0000000000000000     
   0.0000000000000000        12.931680543563786        24.445199294739044        34.062566819796011        41.695440195143497        47.364218934651113        51.104484947722405        52.942713299381481        52.896138706257204        50.993374374897655        47.348064817119493        42.367121266427517        37.093496578290932        31.923281260810576        26.948194978048331        22.163188028198014        17.539150225469420        13.043134781225232        8.6425571667729741        4.3054274350933168        0.0000000000000000     
   0.0000000000000000        16.242830265897318        29.566812315789555        40.083573699810742        48.151046754886558        54.011449844911269        57.793774703772343        59.542557867248149        59.227180228015911        56.734332550788316        51.889732546595340        44.806967853500076        38.326930589550535        32.549582385427129        27.271916866369189        22.333178834059392        17.629188917483425        13.090598217990493        8.6665626773246451        4.3154655686093566        0.0000000000000000     
   0.0000000000000000        22.502578295799726        37.554402742969060        48.640164784755278        56.925404872415413        62.871042787867523        66.670150390764448        68.375553603200885        67.915938652919522        65.014087417595803        58.858790279839170        46.830833923436693        39.037356618916064        32.844412451059512        27.409340040550287        22.401742751011398        17.664594522201671        13.109023632615427        8.6758207089662029        4.3193248016408443        0.0000000000000000     
