   0.0000000000000000        22.896886125942736        38.333220975021085        49.784148447392077        58.406154222691676        64.651825226521154        68.706831531092462        70.617711964482623        70.308133794059088        67.497247682510064        61.371683769737764        49.311584867393620        41.424968959262841        35.080263128184711        29.438606053432053        24.174728463267808        19.137928745031854        14.246699611096089        9.4500561402255236        4.7112233108264556        0.0000000000000000     
   0.0000000000000000        16.637138096040331        30.345630547841584        41.227557362447556        49.631796105162934        55.792232283565539        59.830455844100761        61.784716228529923        61.619375369155577        59.217492815702570        54.402626036493928        47.287718797457003        40.714542929897270        34.785433062552336        29.301182879250948        24.106164546315803        19.102523140313608        14.228274196471130        9.4407981085839445        4.7073640777949555        0.0000000000000000     
   0.0000000000000000        13.325988373706787        25.224017526791069        35.206550482432846        43.176189545419987        49.145001373305270        53.141166088050603        55.184871660663013        55.288333847396736        53.476534639811909        49.860958307017903        44.847872210384253        39.481108918637624        34.159131937935840        28.977460990930084        23.936173740454347        19.012484448299542        14.180810759705842        9.4167925980322540        4.6973259442789059        0.0000000000000000     
   0.0000000000000000        11.462750535325890        22.057312472116642        31.256333628111342        38.796359214250749        44.560566991014618        48.507458228968702        50.638820402958281        50.993728929023440        49.665166054292655        46.844149885321556        42.887453672764686        38.323946614655085        33.505913404682325        28.616288542305362        23.738535014296659        18.905189527587595        14.123426629835429        9.3875301577485768        4.6850381537979029        0.0000000000000000     
   0.0000000000000000        10.487653958810913        20.325559967172104        29.023008476683490        36.267295685930357        41.883598562362756        45.792402188687305        47.982772717462417        48.503770620514267        47.472063228176772        45.090371051149532        41.659596835039970        37.542368480858435        33.037675148892625        28.346177895537799        23.586438284863476        18.821071392781967        14.077910908114667        9.3641578275168875        4.6751875656736086        0.0000000000000000     
   0.0000000000000000        10.182257996075796        19.773676730011491        28.300740758559435        35.441165483898274        41.004278798646567        44.898902000790180        47.109647581973562        47.687692816462146        46.754757651913650        44.513023800000084        41.243944989726870        37.269313343168434        32.869629439552263        28.247242742315802        23.529918874861114        18.789506225425299        14.060722616139554        9.3552972567186377        4.6714453338891344        0.0000000000000000     
   0.0000000000000000        10.487653958810913        20.325559967172104        29.023008476683490        36.267295685930357        41.883598562362756        45.792402188687305        47.982772717462417        48.503770620514267        47.472063228176772        45.090371051149532        41.659596835039963        37.542368480858435        33.037675148892625        28.346177895537799        23.586438284863476        18.821071392781963        14.077910908114665        9.3641578275168875        4.6751875656736086        0.0000000000000000     
   0.0000000000000000        11.462750535325890        22.057312472116642        31.256333628111342        38.796359214250749        44.560566991014618        48.507458228968702        50.638820402958274        50.993728929023440        49.665166054292655        46.844149885321556        42.887453672764678        38.323946614655085        33.505913404682325        28.616288542305359        23.738535014296659        18.905189527587595        14.123426629835425        9.3875301577485750        4.6850381537979029        0.0000000000000000     
   0.0000000000000000        13.325988373706787        25.224017526791069        35.206550482432846        43.176189545419980        49.145001373305270        53.141166088050596        55.184871660663006        55.288333847396736        53.476534639811909        49.860958307017903        44.847872210384246        39.481108918637617        34.159131937935832        28.977460990930076        23.936173740454340        19.012484448299539        14.180810759705839        9.4167925980322522        4.6973259442789050        0.0000000000000000     
   0.0000000000000000        16.637138096040331        30.345630547841584        41.227557362447563        49.631796105162927        55.792232283565539        59.830455844100754        61.784716228529916        61.619375369155570        59.217492815702570        54.402626036493928        47.287718797456996        40.714542929897263        34.785433062552329        29.301182879250941        24.106164546315799        19.102523140313604        14.228274196471126        9.4407981085839427        4.7073640777949546        0.0000000000000000     
   0.0000000000000000        22.896886125942736        38.333220975021085        49.784148447392077        58.406154222691669        64.651825226521154        68.706831531092462        70.617711964482623        70.308133794059088        67.497247682510064        61.371683769737764        49.311584867393613        41.424968959262834        35.080263128184704        29.438606053432046        24.174728463267805        19.137928745031850        14.246699611096087        9.4500561402255219        4.7112233108264547        0.0000000000000000     
