   0.0000000000000000        16.998798866637024        26.746630029810685        32.916291854643688        36.839128389857443        39.110919497150249        40.022693165137163        39.685438221078570        38.046450996759368        34.810681242705463        29.118099595198522        18.276769131456089        12.305101738924858        8.4723259032398488        5.8380285915740604        3.9789943630784301        2.6544638162943515        1.7031795368049387        1.0052807719761445       0.46488675538763874        0.0000000000000000     
   0.0000000000000000        10.739484105131131        18.759884262195950        24.360914842329770        28.066295034483701        30.253091104864183        31.148244034198900        30.854451864289572        29.359709335791226        26.532883177804237        22.150882660630163        16.254585008586442        11.596169669051786        8.1787856390880904        5.7016860600037260        3.9113055511104804        2.6197370602885073        1.6852486171282368       0.99634459545649268       0.46118593591333540        0.0000000000000000     
   0.0000000000000000        7.4294686941395698        13.640482588503659        18.343086445595784        21.614680353722992        23.610479848043944        24.463998067172412        24.259867919155926        23.033947770350682        20.797047975609313        17.614034204462538        13.819141815929203        10.366646894370115        7.5558612584576883        5.3807933306603060        3.7436057997557266        2.5314756172109019        1.6390797848975587       0.97318171252309071       0.45156253445944511        0.0000000000000000     
   0.0000000000000000        5.5676329415912695        10.476510909303347        14.396798412412943        17.239784256006160        19.031755671058736        19.836524673776434        19.720319148326421        18.745869236479361        16.992011733414998        14.603182731795098        11.864166172793546        9.2143191443701742        6.9068166100546513        5.0231179146362432        3.5487989725364812        2.4263774968659408        1.5832958741411738       0.94496081719415348       0.43978738096979475        0.0000000000000000     
   0.0000000000000000        4.5936706762662753        8.7469697514215810        12.166651743842321        14.714712606137253        16.359406895233782        17.126512421852347        17.069532084872392        16.261190883599273        14.804031880331397        12.854223170313228        10.640712728924365        8.4366522466594738        6.4419550978318529        4.7558364264991715        3.3989932973320176        2.3440366107840869        1.5390747568017706       0.92243111448175752       0.43035152485923217        0.0000000000000000     
   0.0000000000000000        4.2887079818339773        8.1959311736429523        11.445598098086851        13.890107165931875        15.481851681808928        16.234938789596939        16.198416328119830        15.447129843056871        14.088683105564431        12.278716717457071        10.226742830332485        8.1650910681582634        6.2751991897131907        4.6579819156733917        3.3433489921422068        2.3131502920083689        1.5223809596802311       0.91389239874434303       0.42676770660203223        0.0000000000000000     
   0.0000000000000000        4.5936706762662753        8.7469697514215810        12.166651743842321        14.714712606137255        16.359406895233782        17.126512421852347        17.069532084872392        16.261190883599273        14.804031880331395        12.854223170313228        10.640712728924365        8.4366522466594738        6.4419550978318529        4.7558364264991715        3.3989932973320176        2.3440366107840869        1.5390747568017706       0.92243111448175752       0.43035152485923217        0.0000000000000000     
   0.0000000000000000        5.5676329415912695        10.476510909303347        14.396798412412943        17.239784256006160        19.031755671058736        19.836524673776434        19.720319148326421        18.745869236479361        16.992011733414998        14.603182731795098        11.864166172793546        9.2143191443701742        6.9068166100546513        5.0231179146362432        3.5487989725364812        2.4263774968659408        1.5832958741411738       0.94496081719415348       0.43978738096979475        0.0000000000000000     
   0.0000000000000000        7.4294686941395698        13.640482588503659        18.343086445595784        21.614680353722992        23.610479848043944        24.463998067172412        24.259867919155926        23.033947770350679        20.797047975609313        17.614034204462538        13.819141815929202        10.366646894370115        7.5558612584576883        5.3807933306603060        3.7436057997557266        2.5314756172109019        1.6390797848975587       0.97318171252309071       0.45156253445944511        0.0000000000000000     
   0.0000000000000000        10.739484105131131        18.759884262195950        24.360914842329770        28.066295034483701        30.253091104864179        31.148244034198896        30.854451864289569        29.359709335791219        26.532883177804234        22.150882660630160        16.254585008586439        11.596169669051786        8.1787856390880904        5.7016860600037260        3.9113055511104804        2.6197370602885073        1.6852486171282368       0.99634459545649268       0.46118593591333540        0.0000000000000000     
   0.0000000000000000        16.998798866637024        26.746630029810685        32.916291854643688        36.839128389857443        39.110919497150249        40.022693165137156        39.685438221078570        38.046450996759368        34.810681242705463        29.118099595198522        18.276769131456089        12.305101738924858        8.4723259032398488        5.8380285915740595        3.9789943630784297        2.6544638162943515        1.7031795368049387        1.0052807719761445       0.46488675538763874        0.0000000000000000     
