   0.0000000000000000        22.136545596451555        36.831556971984533        47.578697944198929        55.551994901739491        61.220143690007120        64.783081587895182        66.299417042494596        65.702396736867655        62.718037945609069        56.536976212149845        44.540425964272508        36.834545497928282        30.783045562671980        25.539634028820846        20.769099972140886        16.308547342664141        12.062326464374831        7.9637057330436649        3.9589336151147854        0.0000000000000000     
   0.0000000000000000        15.876797566549213        28.843966544805035        39.022106859254599        46.777636784211687        52.360550747051811        55.906705900904690        57.466421306543097        57.013638311965053        54.438283078802250        49.567918478907210        42.516559894337114        36.124119468563499        30.488215497039928        25.402210854640177        20.700536055189119        16.273141737946318        12.043901049750007        7.9544477014021959        3.9550743820833438        0.0000000000000000     
   0.0000000000000000        12.565647844216054        23.722353523755128        33.001099979240664        40.322030224469898        45.713319836793552        49.217416144856898        50.866576738679434        50.682596790209551        48.697324902914524        45.026250749433743        40.076713307266800        34.890685457306006        29.861914372425069        25.078488966320709        20.530545249329158        16.183103045933152        11.996437612985504        7.9304421908510845        3.9450362485675461        0.0000000000000000     
   0.0000000000000000        10.702410005835599        20.555648469081355        29.050883124919963        35.942199893302146        41.128885454504903        44.583708285777803        46.320525480977942        46.387991871839866        44.885956317398680        42.009442327739990        38.116294769650217        33.733523153326473        29.208695839173973        24.717316517697732        20.332906523173051        16.075808125222316        11.939053483115909        7.9011797505679970        3.9327484580868628        0.0000000000000000     
   0.0000000000000000        9.7273134293207359        18.823895964137471        26.817557973493422        33.413136364983224        38.451917025853724        41.868652245497238        43.664477795483634        43.898033563332739        42.692853491285291        40.255663493570225        36.888437931926859        32.951945019532175        28.740457583386490        24.447205870931910        20.180809793740934        15.991689990417632        11.893537761395963        7.8778074203367501        3.9228978699628065        0.0000000000000000     
   0.0000000000000000        9.4219174665856258        18.272012726976865        26.095290255369470        32.587006162951141        37.572597262137798        40.975152057600120        42.791352659994779        43.081955759281215        41.975547915022460        39.678316242421026        36.472786086615017        32.678889881842856        28.572411874046850        24.348270717710658        20.124290383739169        15.960124823061445        11.876349469421218        7.8689468495386645        3.9191556381783750        0.0000000000000000     
   0.0000000000000000        9.7273134293207359        18.823895964137471        26.817557973493422        33.413136364983224        38.451917025853724        41.868652245497238        43.664477795483634        43.898033563332739        42.692853491285291        40.255663493570225        36.888437931926859        32.951945019532175        28.740457583386490        24.447205870931910        20.180809793740934        15.991689990417632        11.893537761395963        7.8778074203367501        3.9228978699628065        0.0000000000000000     
   0.0000000000000000        10.702410005835599        20.555648469081355        29.050883124919963        35.942199893302146        41.128885454504903        44.583708285777803        46.320525480977942        46.387991871839866        44.885956317398680        42.009442327739990        38.116294769650217        33.733523153326473        29.208695839173973        24.717316517697732        20.332906523173051        16.075808125222316        11.939053483115909        7.9011797505679970        3.9327484580868632        0.0000000000000000     
   0.0000000000000000        12.565647844216054        23.722353523755128        33.001099979240664        40.322030224469898        45.713319836793552        49.217416144856898        50.866576738679434        50.682596790209551        48.697324902914524        45.026250749433743        40.076713307266800        34.890685457306006        29.861914372425069        25.078488966320709        20.530545249329158        16.183103045933155        11.996437612985506        7.9304421908510854        3.9450362485675465        0.0000000000000000     
   0.0000000000000000        15.876797566549211        28.843966544805035        39.022106859254599        46.777636784211687        52.360550747051811        55.906705900904690        57.466421306543097        57.013638311965053        54.438283078802250        49.567918478907210        42.516559894337114        36.124119468563499        30.488215497039928        25.402210854640177        20.700536055189119        16.273141737946318        12.043901049750009        7.9544477014021968        3.9550743820833443        0.0000000000000000     
   0.0000000000000000        22.136545596451555        36.831556971984533        47.578697944198929        55.551994901739491        61.220143690007120        64.783081587895182        66.299417042494596        65.702396736867655        62.718037945609069        56.536976212149845        44.540425964272508        36.834545497928282        30.783045562671980        25.539634028820846        20.769099972140886        16.308547342664141        12.062326464374832        7.9637057330436658        3.9589336151147858        0.0000000000000000     
