   0.0000000000000000        20.617654122022099        33.835252440224430        43.186515318476474        49.882756457207819        54.425985666089673        57.044477734611618        57.819442638284336        56.700501248445391        53.423599966950007        47.182901229851176        35.357018043170520        28.043841728993968        22.593751622918301        18.142745555811373        14.334242762023500        10.981024278407522        7.9608243031104049        5.1785929207729087        2.5510721982425908        0.0000000000000000     
   0.0000000000000000        14.357906097805898        25.847662024251623        34.629924249933474        41.108398360803598        45.566392748380977        48.168102076284363        48.986446933627789        48.011742856630498        45.143845134160145        40.213843530690568        33.333152006544125        27.333415731370980        22.298921586728767        18.005322408116776        14.265678868028813        10.945618692636012        7.9423989030344586        5.1693348989920542        2.5472129701898436        0.0000000000000000     
   0.0000000000000000        11.046756390359663        20.726049032540807        28.608917412858688        34.652791856365447        38.919161904219472        41.478812395278858        42.386602447695026        41.680701421499663        39.402887047329514        35.672175890446226        30.893305506678349        26.099981803215172        21.672620539195464        17.681600589138512        14.095688122270904        10.855580050225079        7.8949355043591583        5.1453294142562820        2.5371748497084385        0.0000000000000000     
   0.0000000000000000        9.1835185703805884        17.559344014132421        24.658700611614240        30.272961593557241        34.334727603630988        36.845104628957095        37.840551291266010        37.386096610204234        35.591518571894298        32.655367579045944        28.932887076852879        24.942819601954600        21.019402101222326        17.320428226225921        13.898049470404910        10.748285190826083        7.8375514215705921        5.1160670058827824        2.5248870753391337        0.0000000000000000     
   0.0000000000000000        8.2084220087527502        15.827591538527738        22.425375503126862        27.743898120541960        31.657759241077144        34.130048663719535        35.184503687703121        34.896138388322193        33.398415834837877        30.901588834105553        27.705030326334576        24.161241551261384        20.551163922516135        17.050317648801229        13.745952801074980        10.664167105623708        7.7920357379398952        5.0926947014669350        2.5150365002494670        0.0000000000000000     
   0.0000000000000000        7.9030260517040105        15.275708312573780        21.703107801404467        26.917767939634434        30.778439502608101        33.236548504486365        34.311378583509651        34.080060617358448        32.681110292591960        30.324241617039217        27.289378514331680        23.888186445314084        20.383118242619009        16.951382522065764        13.689433414030040        10.632601957213836        7.7748474605138700        5.0838341405294614        2.5112942734437445        0.0000000000000000     
   0.0000000000000000        8.2084220087527502        15.827591538527738        22.425375503126862        27.743898120541960        31.657759241077144        34.130048663719535        35.184503687703121        34.896138388322193        33.398415834837877        30.901588834105553        27.705030326334576        24.161241551261384        20.551163922516135        17.050317648801229        13.745952801074980        10.664167105623708        7.7920357379398952        5.0926947014669350        2.5150365002494670        0.0000000000000000     
   0.0000000000000000        9.1835185703805884        17.559344014132421        24.658700611614240        30.272961593557241        34.334727603630988        36.845104628957095        37.840551291266010        37.386096610204234        35.591518571894298        32.655367579045944        28.932887076852879        24.942819601954600        21.019402101222326        17.320428226225921        13.898049470404910        10.748285190826083        7.8375514215705921        5.1160670058827824        2.5248870753391337        0.0000000000000000     
   0.0000000000000000        11.046756390359663        20.726049032540811        28.608917412858695        34.652791856365454        38.919161904219472        41.478812395278858        42.386602447695026        41.680701421499663        39.402887047329514        35.672175890446226        30.893305506678352        26.099981803215172        21.672620539195464        17.681600589138512        14.095688122270904        10.855580050225079        7.8949355043591583        5.1453294142562820        2.5371748497084385        0.0000000000000000     
   0.0000000000000000        14.357906097805898        25.847662024251623        34.629924249933474        41.108398360803598        45.566392748380977        48.168102076284363        48.986446933627789        48.011742856630498        45.143845134160152        40.213843530690568        33.333152006544132        27.333415731370980        22.298921586728767        18.005322408116776        14.265678868028813        10.945618692636012        7.9423989030344586        5.1693348989920542        2.5472129701898436        0.0000000000000000     
   0.0000000000000000        20.617654122022099        33.835252440224430        43.186515318476474        49.882756457207819        54.425985666089673        57.044477734611618        57.819442638284336        56.700501248445391        53.423599966950007        47.182901229851176        35.357018043170527        28.043841728993968        22.593751622918301        18.142745555811373        14.334242762023500        10.981024278407522        7.9608243031104049        5.1785929207729087        2.5510721982425908        0.0000000000000000     
