   0.0000000000000000        13.224700557897100        19.468188092844652        22.635326854815958        24.225329867212785        24.927542411858546        25.056036258655034        24.684922251557254        23.675774404493431        21.608535720852242        17.469174120141268        8.3970639599919270        4.2462064236535983        2.1458440371175871        1.0555890468937013       0.49883068809179604       0.22488265545143168        9.6248640376264891E-002   3.8620112004815292E-002   1.3228797036796577E-002   0.0000000000000000     
   0.0000000000000000        7.0159366009302673        11.578427962505645        14.215849461194320        15.617541575276409        16.253120281190142        16.372583980935051        16.042516344992865        15.166508849523119        13.490215228296144        10.638750700228751        6.4867682957438388        3.6244568671896302        1.9169903320691379       0.96496274448698693       0.46193770174966958       0.20992033882833377        9.0323448270580892E-002   3.6375980172158859E-002   1.2489668377965554E-002   0.0000000000000000     
   0.0000000000000000        3.8379974250669737        6.7124270527542604        8.5530997037695577        9.5971636910034857        10.089728946300394        10.187400032049046        9.9406896429985263        9.3044990742744584        8.1711124873505163        6.4593720813285289        4.3437275312766390        2.6227864817104676        1.4631389015041818       0.76357161765217707       0.37474705530841407       0.17333527660661130        7.5548962275200471E-002   3.0714460190262770E-002   1.0612468993091286E-002   0.0000000000000000     
   0.0000000000000000        2.1388828759068996        3.8606559456048570        5.0442932326288252        5.7535951222248753        6.1014687809657246        6.1748562715131827        6.0083201904628787        5.5878790966210472        4.8796182282511982        3.8890595204143454        2.7491323127707679        1.7513123727087190        1.0225235599644846       0.55323885962098474       0.27922451455752728       0.13197771033268002        5.8496602130434054E-002   2.4089221692527450E-002   8.3969604264656113E-003   0.0000000000000000     
   0.0000000000000000        1.2961337777058171        2.3828670004480581        3.1669305174223816        3.6569957490664522        3.9052943002617710        3.9607625265379438        3.8472160532708943        3.5640914731815334        3.1058370804922379        2.4954393838338760        1.8163860580568216        1.2002251923248493       0.72583575602947592       0.40486182197380749       0.20955546616034598       0.10109504450231907        4.5550220180965661E-002   1.9000719591374365E-002   6.6827552703985641E-003   0.0000000000000000     
   0.0000000000000000        1.0411884780964908        1.9277951909582411        2.5803582849239999        2.9957267912666858        3.2092630323589098        3.2582429350829774        3.1627806991466891        2.9257382916753185        2.5483999182873571        2.0554097679308909        1.5132568944999514        1.0150599666431388       0.62321064078174604       0.35235447730459607       0.18447678078796287        8.9838333488305444E-002   4.0788226559054813E-002   1.7116865926062728E-002   6.0454543090846221E-003   0.0000000000000000     
   0.0000000000000000        1.2961337777058171        2.3828670004480581        3.1669305174223816        3.6569957490664526        3.9052943002617710        3.9607625265379438        3.8472160532708943        3.5640914731815334        3.1058370804922375        2.4954393838338755        1.8163860580568214        1.2002251923248490       0.72583575602947592       0.40486182197380743       0.20955546616034595       0.10109504450231906        4.5550220180965655E-002   1.9000719591374365E-002   6.6827552703985623E-003   0.0000000000000000     
   0.0000000000000000        2.1388828759068996        3.8606559456048570        5.0442932326288261        5.7535951222248753        6.1014687809657246        6.1748562715131827        6.0083201904628778        5.5878790966210463        4.8796182282511973        3.8890595204143450        2.7491323127707674        1.7513123727087190        1.0225235599644846       0.55323885962098462       0.27922451455752723       0.13197771033267999        5.8496602130434040E-002   2.4089221692527443E-002   8.3969604264656095E-003   0.0000000000000000     
   0.0000000000000000        3.8379974250669737        6.7124270527542604        8.5530997037695577        9.5971636910034874        10.089728946300394        10.187400032049046        9.9406896429985263        9.3044990742744584        8.1711124873505163        6.4593720813285289        4.3437275312766390        2.6227864817104676        1.4631389015041816       0.76357161765217685       0.37474705530841396       0.17333527660661124        7.5548962275200457E-002   3.0714460190262766E-002   1.0612468993091284E-002   0.0000000000000000     
   0.0000000000000000        7.0159366009302673        11.578427962505645        14.215849461194320        15.617541575276409        16.253120281190142        16.372583980935051        16.042516344992865        15.166508849523119        13.490215228296144        10.638750700228751        6.4867682957438388        3.6244568671896302        1.9169903320691379       0.96496274448698671       0.46193770174966953       0.20992033882833372        9.0323448270580850E-002   3.6375980172158852E-002   1.2489668377965552E-002   0.0000000000000000     
   0.0000000000000000        13.224700557897100        19.468188092844652        22.635326854815958        24.225329867212785        24.927542411858546        25.056036258655034        24.684922251557254        23.675774404493431        21.608535720852245        17.469174120141268        8.3970639599919270        4.2462064236535983        2.1458440371175871        1.0555890468937010       0.49883068809179598       0.22488265545143163        9.6248640376264849E-002   3.8620112004815285E-002   1.3228797036796573E-002   0.0000000000000000     
