   0.0000000000000000        19.590929849411893        31.815330141278860        40.238802452566560        46.101375067298143        49.929319278081131        51.969756372712972        52.316749687577136        50.926609842376436        47.536034104306772        41.334570390198671        29.691699424767627        22.692689702650128        17.672909511533209        13.752030878685144        10.556783564178559        7.8836495732703673        5.5949622765227227        3.5814100015525976        1.7465951698727611        0.0000000000000000     
   0.0000000000000000        13.331182298672283        23.827740656093876        31.682212740639766        37.327018708167230        41.069728421725856        43.093383034598972        43.483756491165217        42.237854073491462        39.256281936205610        34.365515327579416        27.667835931774075        21.982266097695195        17.378081666660073        13.614609678632283        10.488221339792371        7.8482453522005420        5.5765379161346731        3.5721526802976697        1.7427362942407623        0.0000000000000000     
   0.0000000000000000        10.020033830803843        18.706130101217180        25.661209455232324        30.871416751969438        34.422502974257661        36.404099427990772        36.883918571902164        35.906819505280289        33.515330825620516        29.823854589889891        25.227996091225510        20.748838433625703        16.751786356067456        13.290892958646319        10.318234965126287        7.7582102826250017        5.5290772393976386        3.5481490295625684        1.7326990964088489        0.0000000000000000     
   0.0000000000000000        8.1567975430271957        15.539428094901441        21.710997044090131        26.491592111095585        29.838075344348987        31.770399170037035        32.337875532323395        31.612223181964492        29.703970973299008        26.807054810516611        23.267585892768860        19.591683975201622        16.098575009343005        12.929726898434836        10.120601716226906        7.6509198394934259        5.4716965211097914        3.5188888881385738        1.7204124624970398        0.0000000000000000     
   0.0000000000000000        7.1817022209771535        13.807678056130891        19.477675487270098        23.962533186320716        27.161112378488465        29.055349279196747        29.681834495430312        29.122271827002201        27.510875212488152        25.053282968131096        22.039735801567854        18.810112188594715        15.630342567577516        12.659621420002429        9.9685094179887805        7.5668053271264419        5.4261835594173542        3.4955184177234022        1.7105628100568657        0.0000000000000000     
   0.0000000000000000        6.8763067374049944        13.255795760964755        18.755409142163902        23.136404742686437        26.281794701372885        28.161851440176939        28.808711899481480        28.306196678968398        26.793572334930907        24.475938387606107        21.624086533197804        18.537059475315480        15.462299078996763        12.560688240908712        9.9119917005523384        7.5352415434182545        5.4089963216792345        3.4866585573118494        1.7068209356718895        0.0000000000000000     
   0.0000000000000000        7.1817022209771535        13.807678056130891        19.477675487270098        23.962533186320716        27.161112378488465        29.055349279196747        29.681834495430312        29.122271827002201        27.510875212488152        25.053282968131093        22.039735801567851        18.810112188594715        15.630342567577516        12.659621420002429        9.9685094179887805        7.5668053271264419        5.4261835594173542        3.4955184177234022        1.7105628100568657        0.0000000000000000     
   0.0000000000000000        8.1567975430271957        15.539428094901439        21.710997044090131        26.491592111095585        29.838075344348987        31.770399170037035        32.337875532323395        31.612223181964492        29.703970973299004        26.807054810516608        23.267585892768857        19.591683975201622        16.098575009343005        12.929726898434836        10.120601716226906        7.6509198394934259        5.4716965211097914        3.5188888881385738        1.7204124624970398        0.0000000000000000     
   0.0000000000000000        10.020033830803843        18.706130101217180        25.661209455232324        30.871416751969438        34.422502974257661        36.404099427990772        36.883918571902164        35.906819505280289        33.515330825620516        29.823854589889891        25.227996091225510        20.748838433625703        16.751786356067456        13.290892958646319        10.318234965126287        7.7582102826250017        5.5290772393976386        3.5481490295625684        1.7326990964088489        0.0000000000000000     
   0.0000000000000000        13.331182298672283        23.827740656093876        31.682212740639766        37.327018708167230        41.069728421725856        43.093383034598972        43.483756491165217        42.237854073491462        39.256281936205617        34.365515327579423        27.667835931774075        21.982266097695195        17.378081666660073        13.614609678632283        10.488221339792371        7.8482453522005420        5.5765379161346731        3.5721526802976697        1.7427362942407623        0.0000000000000000     
   0.0000000000000000        19.590929849411893        31.815330141278860        40.238802452566560        46.101375067298143        49.929319278081131        51.969756372712972        52.316749687577136        50.926609842376436        47.536034104306772        41.334570390198671        29.691699424767627        22.692689702650128        17.672909511533209        13.752030878685144        10.556783564178559        7.8836495732703673        5.5949622765227227        3.5814100015525976        1.7465951698727611        0.0000000000000000     
