   0.0000000000000000        14.552888200066656        22.011475434883501        26.188271862760708        28.523506176277916        29.682277681302349        29.982296791631995        29.520449308573664        28.194613463684270        25.632908161905338        20.880583443800710        11.143600538645007        6.3415555207281828        3.6577880955892761        2.0862067465082315        1.1620458872688009       0.62741613115414785       0.32561064977630383       0.15841749192743940        6.3580576806337621E-002   0.0000000000000000     
   0.0000000000000000        8.3080894422675602        14.052768531631719        17.672588195506929        19.799487796293310        20.879451918099424        21.165977242333213        20.747785517373153        19.563793198322632        17.406538120572787        13.958814824839349        9.1600438387966427        5.6642054430937918        3.3890850288555714        1.9686435998504102        1.1079901676964241       0.60215415381048309       0.31388770698933949       0.15318077640285666        6.1595160491424286E-002   0.0000000000000000     
   0.0000000000000000        5.0360721613903694        9.0067634172784086        11.758664018404282        13.475654865513739        14.380819789173678        14.633895893525324        14.305871523197348        13.384416268666731        11.805325523841038        9.5409361754427735        6.8257156688891385        4.5173550904641999        2.8311773815962313        1.6969101566588385       0.97597827071635823       0.53866912864724470       0.28396987680315355       0.13970223907586266        5.6462306438466191E-002   0.0000000000000000     
   0.0000000000000000        3.2211941594171596        5.9334945949027578        7.9407800519480505        9.2586706698119592        9.9800243550929011        10.194467110125611        9.9549921763671936        9.2772401407480469        8.1666565591320808        6.6771086167311431        4.9956993018092035        3.4671954611566158        2.2624820489896313        1.3999873970850560       0.82527596819341031       0.46419095677138134       0.24826992457046845       0.12344991531131259        5.0236902094276573E-002   0.0000000000000000     
   0.0000000000000000        2.2852130011205332        4.2773171842051934        5.8144913098418858        6.8613240968984472        7.4515912074835695        7.6365528129943732        7.4568087052434802        6.9388833960436100        6.1132420124229325        5.0470689403718421        3.8733191926827795        2.7721676345335462        1.8626117283106496        1.1818464865540061       0.71114505912556214       0.40661777045806885       0.22029433290904724       0.11060142269512736        4.5290181380376840E-002   0.0000000000000000     
   0.0000000000000000        1.9947557895490964        3.7542971917622157        5.1331023983954642        6.0854986062253742        6.6289993781813035        6.8030675621146912        6.6439745021913010        6.1807047979023846        5.4492858484396018        4.5169799498465437        3.4979509525064367        2.5321678362410469        1.7206772318923906        1.1027597981233235       0.66912575735519342       0.38519084223399458       0.20980512809654808       0.10576023010087449        4.3420893615921205E-002   0.0000000000000000     
   0.0000000000000000        2.2852130011205332        4.2773171842051934        5.8144913098418858        6.8613240968984472        7.4515912074835695        7.6365528129943723        7.4568087052434802        6.9388833960436092        6.1132420124229325        5.0470689403718421        3.8733191926827795        2.7721676345335462        1.8626117283106496        1.1818464865540061       0.71114505912556203       0.40661777045806885       0.22029433290904721       0.11060142269512735        4.5290181380376840E-002   0.0000000000000000     
   0.0000000000000000        3.2211941594171596        5.9334945949027578        7.9407800519480505        9.2586706698119592        9.9800243550929011        10.194467110125611        9.9549921763671936        9.2772401407480451        8.1666565591320790        6.6771086167311422        4.9956993018092026        3.4671954611566158        2.2624820489896313        1.3999873970850560       0.82527596819341009       0.46419095677138122       0.24826992457046840       0.12344991531131258        5.0236902094276559E-002   0.0000000000000000     
   0.0000000000000000        5.0360721613903694        9.0067634172784086        11.758664018404282        13.475654865513739        14.380819789173678        14.633895893525324        14.305871523197348        13.384416268666731        11.805325523841036        9.5409361754427735        6.8257156688891385        4.5173550904641999        2.8311773815962313        1.6969101566588385       0.97597827071635823       0.53866912864724470       0.28396987680315350       0.13970223907586263        5.6462306438466177E-002   0.0000000000000000     
   0.0000000000000000        8.3080894422675602        14.052768531631720        17.672588195506933        19.799487796293310        20.879451918099424        21.165977242333213        20.747785517373153        19.563793198322632        17.406538120572787        13.958814824839349        9.1600438387966427        5.6642054430937918        3.3890850288555714        1.9686435998504102        1.1079901676964241       0.60215415381048309       0.31388770698933943       0.15318077640285663        6.1595160491424272E-002   0.0000000000000000     
   0.0000000000000000        14.552888200066656        22.011475434883501        26.188271862760708        28.523506176277916        29.682277681302349        29.982296791631995        29.520449308573664        28.194613463684270        25.632908161905338        20.880583443800706        11.143600538645007        6.3415555207281828        3.6577880955892761        2.0862067465082315        1.1620458872688009       0.62741613115414785       0.32561064977630377       0.15841749192743934        6.3580576806337608E-002   0.0000000000000000     
