   0.0000000000000000        21.016662647069992        34.621646339701741        44.337511431738193        51.365308970877479        56.198062310980106        59.056637690939425        60.016623731665121        59.023916343037655        55.812642808617817        49.576970017521873        37.697179660071697        30.274279208908652        24.662960008448458        20.004464571398000        15.948136440745708        12.313135851336103        8.9838477085215089        5.8720092055727608        2.9011994985238894        0.0000000000000000     
   0.0000000000000000        14.756914617796644        26.634055913763273        35.780920348612128        42.590950855694786        47.338469370833756        50.180262007145544        51.183627999213918        50.335157921846978        47.532887945639892        42.607912288127942        35.673313593910905        29.563853183153267        24.368129946175586        19.867041400248581        15.879572526428694        12.277730248797829        8.9654222955737506        5.8627511750695502        2.8973402660676686        0.0000000000000000     
   0.0000000000000000        11.445764897110648        21.512442895961886        29.759913473358182        36.135344302093714        40.691238467929779        43.490972259467654        44.583783440513677        44.004116409809434        41.791929779775984        38.066244568731740        33.233467016723061        28.330419181345942        23.741828830355136        19.543319519864873        15.709581727466251        12.187691562490938        8.9179588631996136        5.8387456674983556        2.8873021340578142        0.0000000000000000     
   0.0000000000000000        9.5825270607663242        18.345737845303827        25.809696624921738        31.755513978516905        36.106804094731515        38.857264410734317        40.037732194139195        39.709511503452163        37.980561206650123        35.049436159494256        31.273048491322296        27.173256889047039        23.088610307974463        19.182147081050967        15.511943009835834        12.080396648833560        8.8605747387570073        5.8094832308987279        2.8750143454385686        0.0000000000000000     
   0.0000000000000000        8.6074304858987318        16.613985343608633        23.576371478255254        29.226450456338775        33.429835673435171        36.142208378824350        37.381684517808949        37.219553204663448        35.787458390560268        33.295657335402112        30.045191663482008        26.391678764702284        22.620372060981168        18.912036442220792        15.359846287301359        11.996278519735222        8.8150590214274747        5.7861109036474607        2.8651637588204539        0.0000000000000000     
   0.0000000000000000        8.3020345237928446        16.062102107688961        22.854103761949720        28.400320256652712        32.550515912528532        35.248708194124653        36.508559385820796        36.403475404323963        35.070152818126296        32.718310088102484        29.629539821944718        26.118623630622618        22.452326355000693        18.813101292030531        15.303326879934090        11.964713354558599        8.7978707311296382        5.7772503339876273        2.8614215276112560        0.0000000000000000     
   0.0000000000000000        8.6074304858987318        16.613985343608633        23.576371478255254        29.226450456338775        33.429835673435171        36.142208378824350        37.381684517808949        37.219553204663441        35.787458390560268        33.295657335402112        30.045191663482008        26.391678764702284        22.620372060981168        18.912036442220792        15.359846287301359        11.996278519735222        8.8150590214274747        5.7861109036474607        2.8651637588204539        0.0000000000000000     
   0.0000000000000000        9.5825270607663242        18.345737845303827        25.809696624921738        31.755513978516909        36.106804094731515        38.857264410734317        40.037732194139195        39.709511503452163        37.980561206650123        35.049436159494256        31.273048491322296        27.173256889047039        23.088610307974463        19.182147081050967        15.511943009835834        12.080396648833560        8.8605747387570073        5.8094832308987279        2.8750143454385686        0.0000000000000000     
   0.0000000000000000        11.445764897110646        21.512442895961883        29.759913473358182        36.135344302093714        40.691238467929779        43.490972259467647        44.583783440513670        44.004116409809434        41.791929779775984        38.066244568731740        33.233467016723061        28.330419181345942        23.741828830355136        19.543319519864873        15.709581727466253        12.187691562490938        8.9179588631996136        5.8387456674983556        2.8873021340578142        0.0000000000000000     
   0.0000000000000000        14.756914617796639        26.634055913763266        35.780920348612121        42.590950855694778        47.338469370833749        50.180262007145544        51.183627999213911        50.335157921846971        47.532887945639892        42.607912288127942        35.673313593910905        29.563853183153267        24.368129946175586        19.867041400248585        15.879572526428698        12.277730248797829        8.9654222955737506        5.8627511750695502        2.8973402660676686        0.0000000000000000     
   0.0000000000000000        21.016662647069985        34.621646339701734        44.337511431738186        51.365308970877471        56.198062310980099        59.056637690939425        60.016623731665121        59.023916343037648        55.812642808617817        49.576970017521873        37.697179660071697        30.274279208908652        24.662960008448461        20.004464571398003        15.948136440745712        12.313135851336105        8.9838477085215089        5.8720092055727617        2.9011994985238898        0.0000000000000000     
