   0.0000000000000000        23.288078533835204        39.105951950807622        50.919350113942869        59.875818161829280        66.419697619518089        70.729312290462914        72.844935086821934        72.685201668970208        69.965588334202437        63.870497075065046        51.779341749896567        43.800926439190711        37.305957922944657        31.459290155978724        25.940711739484634        20.605796027345725        15.380372950067441        10.221676721028851        5.1018319495295072        0.0000000000000000     
   0.0000000000000000        17.028330503932800        31.118361523628124        42.362759028998369        51.101460044300552        57.560104676562496        61.852936603471235        64.011939350869199        63.996443244066597        61.685833467394950        56.901439341821209        49.755475679959950        43.090500409825140        37.011127857312282        31.321866981797623        25.872147822532629        20.570390422627479        15.361947535442482        10.212418689387272        5.0979727164980071        0.0000000000000000     
   0.0000000000000000        13.717180781599263        25.996748502577610        36.341752148983673        44.645853484557620        50.912873766302248        55.163646847421099        57.412094783002345        57.665401722307770        55.944875291504282        52.359771612345192        47.315629092887200        41.857066398565493        36.384826732695792        30.998145093476765        25.702157016671176        20.480351730613418        15.314484098677196        10.188413178835582        5.0879345829819567        0.0000000000000000     
   0.0000000000000000        11.853942943218367        22.830043447903183        32.391535294662191        40.266023153388396        46.328439384011610        50.529938988339225        52.866043525297663        53.370796803934489        52.133506705985027        49.342963190648845        45.355210555267632        40.699904094582941        35.731608199442263        30.636972644852030        25.504518290513474        20.373056809901453        15.257099968806768        10.159150738551894        5.0756467925009474        0.0000000000000000     
   0.0000000000000000        10.878846366703389        21.098290942958645        30.158210143234356        37.736959625068010        43.651470955359763        47.814882948057843        50.209995839801849        50.880838495425323        49.940403879869152        47.589184356476828        44.127353717542917        39.918325960786291        35.263369943652549        30.366861998084456        25.352421561080281        20.288938675095810        15.211584247085993        10.135778408320196        5.0657962043766487        0.0000000000000000     
   0.0000000000000000        10.573450403968272        20.546407705798035        29.435942425110294        36.910829423035928        42.772151191643566        46.921382760160718        49.336870704312986        50.064760691373216        49.223098303606037        47.011837105327380        43.711701872229817        39.645270823096290        35.095324234312180        30.267926844862448        25.295902151077911        20.257373507739146        15.194395955110883        10.126917837521946        5.0620539725921745        0.0000000000000000     
   0.0000000000000000        10.878846366703389        21.098290942958645        30.158210143234356        37.736959625068003        43.651470955359756        47.814882948057836        50.209995839801842        50.880838495425323        49.940403879869152        47.589184356476828        44.127353717542917        39.918325960786291        35.263369943652549        30.366861998084456        25.352421561080281        20.288938675095810        15.211584247085993        10.135778408320196        5.0657962043766487        0.0000000000000000     
   0.0000000000000000        11.853942943218366        22.830043447903183        32.391535294662191        40.266023153388389        46.328439384011602        50.529938988339218        52.866043525297655        53.370796803934482        52.133506705985027        49.342963190648845        45.355210555267632        40.699904094582941        35.731608199442263        30.636972644852030        25.504518290513474        20.373056809901453        15.257099968806768        10.159150738551894        5.0756467925009474        0.0000000000000000     
   0.0000000000000000        13.717180781599261        25.996748502577610        36.341752148983673        44.645853484557612        50.912873766302241        55.163646847421091        57.412094783002345        57.665401722307763        55.944875291504282        52.359771612345192        47.315629092887200        41.857066398565493        36.384826732695792        30.998145093476765        25.702157016671176        20.480351730613418        15.314484098677196        10.188413178835582        5.0879345829819567        0.0000000000000000     
   0.0000000000000000        17.028330503932796        31.118361523628121        42.362759028998362        51.101460044300545        57.560104676562489        61.852936603471228        64.011939350869199        63.996443244066597        61.685833467394950        56.901439341821209        49.755475679959950        43.090500409825140        37.011127857312282        31.321866981797623        25.872147822532629        20.570390422627479        15.361947535442482        10.212418689387272        5.0979727164980071        0.0000000000000000     
   0.0000000000000000        23.288078533835201        39.105951950807622        50.919350113942862        59.875818161829272        66.419697619518089        70.729312290462900        72.844935086821934        72.685201668970208        69.965588334202437        63.870497075065046        51.779341749896567        43.800926439190711        37.305957922944657        31.459290155978724        25.940711739484634        20.605796027345725        15.380372950067441        10.221676721028851        5.1018319495295072        0.0000000000000000     
