   0.0000000000000000        23.084816263962789        38.704438802354673        50.329484845967279        59.112141969294925        65.501034440774006        69.678303371424903        71.687479451155994        71.449816470195074        68.682705028691018        62.571710907037662        50.496633145215036        42.565873541140832        36.148959659989039        30.408818910808730        25.022613904501682        19.842657508679359        14.790965054802323        9.8204958733011889        4.8987443804869777        0.0000000000000000     
   0.0000000000000000        16.825068234060385        30.716848375175168        41.772893761022793        50.337783851766197        56.641441497818398        60.801927684433245        62.854483715203322        62.761058045291541        60.402950161883531        55.602653173793826        48.472767075278412        41.855447511775260        35.854129594356657        30.271395736627625        24.954049987549681        19.807251903961109        14.772539640177364        9.8112378416596115        4.8948851474554784        0.0000000000000000     
   0.0000000000000000        13.513918511726855        25.595235354124654        35.751886881008112        43.882177292023272        49.994210587558136        54.112637928383094        56.254639147336427        56.430016523532700        54.661991985992870        51.060985444317801        46.032920488205669        40.622013500515614        35.227828469740160        29.947673848306760        24.784059181688221        19.717213211947044        14.725076203412074        9.7872323311079175        4.8848470139394280        0.0000000000000000     
   0.0000000000000000        11.650680673345965        22.428530299450230        31.801670026686644        39.502346960854055        45.409776205267505        49.478930069301207        51.708587889631694        52.135411605159405        50.850623400473616        48.044177022621454        44.072501950586087        39.464851196533075        34.574609936486638        29.586501399682028        24.586420455530522        19.609918291235083        14.667692073541650        9.7579698908242332        4.8725592234584196        0.0000000000000000     
   0.0000000000000000        10.675584096830988        20.696777794505689        29.568344875258795        36.973283432533677        42.732807776615658        46.763874029019817        49.052540204135838        49.645453296650238        48.657520574357740        46.290398188449437        42.844645112861372        38.683273062736419        34.106371680696938        29.316390752914455        24.434323726097329        19.525800156429440        14.622176351820874        9.7345975605925350        4.8627086353341200        0.0000000000000000     
   0.0000000000000000        10.370188134095871        20.144894557345079        28.846077157134744        36.147153230501601        41.853488012899469        45.870373841122692        48.179415068646989        48.829375492598125        47.940214998094618        45.713050937299990        42.428993267548279        38.410217925046425        33.938325971356562        29.217455599692450        24.377804316094959        19.494234989072776        14.604988059845764        9.7257369897942869        4.8589664035496458        0.0000000000000000     
   0.0000000000000000        10.675584096830988        20.696777794505689        29.568344875258795        36.973283432533677        42.732807776615658        46.763874029019817        49.052540204135838        49.645453296650231        48.657520574357740        46.290398188449437        42.844645112861372        38.683273062736419        34.106371680696938        29.316390752914455        24.434323726097329        19.525800156429440        14.622176351820874        9.7345975605925350        4.8627086353341200        0.0000000000000000     
   0.0000000000000000        11.650680673345965        22.428530299450230        31.801670026686644        39.502346960854055        45.409776205267505        49.478930069301207        51.708587889631687        52.135411605159405        50.850623400473616        48.044177022621454        44.072501950586087        39.464851196533075        34.574609936486638        29.586501399682028        24.586420455530522        19.609918291235083        14.667692073541650        9.7579698908242332        4.8725592234584196        0.0000000000000000     
   0.0000000000000000        13.513918511726855        25.595235354124654        35.751886881008112        43.882177292023272        49.994210587558136        54.112637928383094        56.254639147336420        56.430016523532693        54.661991985992870        51.060985444317801        46.032920488205662        40.622013500515614        35.227828469740160        29.947673848306760        24.784059181688221        19.717213211947044        14.725076203412074        9.7872323311079175        4.8848470139394280        0.0000000000000000     
   0.0000000000000000        16.825068234060385        30.716848375175168        41.772893761022793        50.337783851766197        56.641441497818391        60.801927684433231        62.854483715203308        62.761058045291534        60.402950161883524        55.602653173793819        48.472767075278405        41.855447511775260        35.854129594356657        30.271395736627625        24.954049987549677        19.807251903961106        14.772539640177362        9.8112378416596098        4.8948851474554775        0.0000000000000000     
   0.0000000000000000        23.084816263962789        38.704438802354673        50.329484845967279        59.112141969294917        65.501034440773992        69.678303371424903        71.687479451155994        71.449816470195074        68.682705028691004        62.571710907037655        50.496633145215029        42.565873541140832        36.148959659989039        30.408818910808730        25.022613904501679        19.842657508679356        14.790965054802319        9.8204958733011853        4.8987443804869759        0.0000000000000000     
