   0.0000000000000000        22.028441700256149        36.618106489481576        47.265338256323389        55.146691800058726        60.733170770150345        64.226738524889797        65.687696501102877        65.050611078947071        62.042417740571587        55.854252829500531        43.867410263471648        36.187713901458416        30.178143701895404        24.991306805626110        20.290555405041239        15.911260080795573        11.755785457116000        7.7552093119938821        3.8534342231565089        0.0000000000000000     
   0.0000000000000000        15.768693670353883        28.630516062302650        38.708747171379578        46.372333682531014        51.873577827195447        55.350362837899375        56.854700765152771        56.361852654044831        53.762662873766089        48.885195096258528        41.843544193537106        35.477287872094927        29.883313636264596        24.853883631446458        20.221991488090389        15.875854476078423        11.737360042491840        7.7459512803527764        3.8495749901252405        0.0000000000000000     
   0.0000000000000000        12.457543948021362        23.508903041253919        32.687740291367589        39.916727122791514        45.226346916939676        48.661073081853964        50.254856197291573        50.030811132291930        48.021704697881660        44.343527366788308        39.403697606469819        34.243853860840829        29.257012511652604        24.530161743129625        20.052000682232705        15.785815784067015        11.689896605728695        7.7219457698025966        3.8395368566099335        0.0000000000000000     
   0.0000000000000000        10.594306109641806        20.342197986581674        28.737523437049134        35.536896791626440        40.641912534653734        44.027365222778101        45.708804939593882        45.736206213926188        44.210336112369653        41.326718945098357        37.443279068857507        33.086691556864992        28.603793978405299        24.168989294509952        19.854361956079160        15.678520863358541        11.632512475860990        7.6926833295207526        3.8272490661298662        0.0000000000000000     
   0.0000000000000000        9.6192095331275844        18.610445481639040        26.504198285623961        33.007833263309401        37.964944106005277        41.312309182500769        43.052757254102460        43.246247905421924        42.017233286259049        39.572940110932336        36.215422231137595        32.305113423073102        28.135555722620442        23.898878647746624        19.702265226649448        15.594402728555792        11.586996754142431        7.6693109992904551        3.8173984780062749        0.0000000000000000     
   0.0000000000000000        9.3138135703927887        18.058562244479020        25.781930567500961        32.181703061278618        37.085624342290409        40.418808994604973        42.179632118614933        42.430170101371722        41.299927709997547        38.995592859784487        35.799770385826655        32.032058285385041        27.967510013281871        23.799943494526232        19.645745816648432        15.562837561200240        11.569808462168066        7.6604504284927257        3.8136562462220405        0.0000000000000000     
   0.0000000000000000        9.6192095331275844        18.610445481639040        26.504198285623961        33.007833263309401        37.964944106005277        41.312309182500769        43.052757254102460        43.246247905421924        42.017233286259049        39.572940110932336        36.215422231137595        32.305113423073102        28.135555722620442        23.898878647746624        19.702265226649448        15.594402728555792        11.586996754142431        7.6693109992904551        3.8173984780062749        0.0000000000000000     
   0.0000000000000000        10.594306109641806        20.342197986581674        28.737523437049134        35.536896791626440        40.641912534653734        44.027365222778101        45.708804939593882        45.736206213926188        44.210336112369653        41.326718945098357        37.443279068857507        33.086691556864992        28.603793978405299        24.168989294509952        19.854361956079160        15.678520863358541        11.632512475860990        7.6926833295207526        3.8272490661298662        0.0000000000000000     
   0.0000000000000000        12.457543948021362        23.508903041253919        32.687740291367589        39.916727122791514        45.226346916939676        48.661073081853964        50.254856197291573        50.030811132291930        48.021704697881660        44.343527366788308        39.403697606469819        34.243853860840829        29.257012511652604        24.530161743129625        20.052000682232705        15.785815784067015        11.689896605728695        7.7219457698025966        3.8395368566099335        0.0000000000000000     
   0.0000000000000000        15.768693670353883        28.630516062302650        38.708747171379578        46.372333682531014        51.873577827195447        55.350362837899375        56.854700765152771        56.361852654044831        53.762662873766089        48.885195096258528        41.843544193537106        35.477287872094927        29.883313636264596        24.853883631446458        20.221991488090389        15.875854476078423        11.737360042491840        7.7459512803527764        3.8495749901252405        0.0000000000000000     
   0.0000000000000000        22.028441700256149        36.618106489481576        47.265338256323389        55.146691800058726        60.733170770150345        64.226738524889797        65.687696501102877        65.050611078947071        62.042417740571587        55.854252829500531        43.867410263471648        36.187713901458416        30.178143701895404        24.991306805626110        20.290555405041239        15.911260080795573        11.755785457116000        7.7552093119938821        3.8534342231565089        0.0000000000000000     
