   0.0000000000000000        21.194364913174653        34.972074900725751        44.850895819608738        52.027436890513442        56.990783778844218        59.958493049349819        61.003562264130217        60.070069115045079        56.891112995302507        50.660606260617008        38.759302591016379        31.289337652725877        25.607100869763304        20.856008249939325        16.687957077789566        12.924952091102996        9.4544344252418835        6.1913434384065793        3.0625545088885491        0.0000000000000000     
   0.0000000000000000        14.934616883481924        26.984484473960215        36.294304735271041        43.253078773768152        48.131190836827230        51.082117363427955        52.170566529350410        51.381310691386382        48.611358129780520        43.691548528667042        36.735436522350504        30.578911624576673        25.312270805264074        20.718585076782087        16.619393161728265        12.889546487122347        9.4360090111847548        6.1820854071505975        3.0586952760519712        0.0000000000000000     
   0.0000000000000000        11.623467161697922        21.862871453993634        30.273297856845158        36.797472216076308        41.483959929025872        44.392827610178834        45.570721964553847        45.050269172887297        42.870399957255970        39.149880802579013        34.295589938604351        29.345477616502222        24.685969683614921        20.394863191141777        16.449402358199276        12.799507797039256        9.3885455759062619        6.1580798976086202        3.0486571430463405        0.0000000000000000     
   0.0000000000000000        9.7602293239963824        18.696166400659195        26.323081004487918        32.417641887442947        36.899525549774147        39.759119754559102        41.024670710643889        40.755664258543092        39.059031375897284        36.133072385070122        32.335171405097114        28.188315316456805        24.032751154029597        20.033690745830366        16.251763634924252        12.692212878714233        9.3311614478736775        6.1288174585729758        3.0363693531962435        0.0000000000000000     
   0.0000000000000000        8.7851327480307688        16.964413896798771        24.089755854649447        29.888578361173998        34.222557123580430        37.044063717077876        38.368623028217257        38.265705953292816        36.865928553146944        34.379293554286072        31.107314570698488        27.406737185844953        23.564512901207610        19.763580101743603        16.099666907823224        12.608094745839711        9.2856457276398068        6.1054451293509366        3.0265187655823498        0.0000000000000000     
   0.0000000000000000        8.4797367855054890        16.412530660052063        23.367488137132305        29.062448159925360        33.343237360803080        36.150563530250125        37.495497893900527        37.449628150485260        36.148622978168859        33.801946304430395        30.691662726656141        27.133682049371444        23.396467193000753        19.664644949545497        16.043147498711686        12.576529579220702        9.2684574362326035        6.0965845589383356        3.0227765339927966        0.0000000000000000     
   0.0000000000000000        8.7851327480307688        16.964413896798771        24.089755854649447        29.888578361173998        34.222557123580430        37.044063717077876        38.368623028217257        38.265705953292816        36.865928553146944        34.379293554286072        31.107314570698488        27.406737185844953        23.564512901207610        19.763580101743603        16.099666907823224        12.608094745839711        9.2856457276398068        6.1054451293509366        3.0265187655823498        0.0000000000000000     
   0.0000000000000000        9.7602293239963824        18.696166400659195        26.323081004487918        32.417641887442947        36.899525549774147        39.759119754559102        41.024670710643889        40.755664258543092        39.059031375897277        36.133072385070122        32.335171405097114        28.188315316456805        24.032751154029597        20.033690745830366        16.251763634924252        12.692212878714233        9.3311614478736775        6.1288174585729767        3.0363693531962439        0.0000000000000000     
   0.0000000000000000        11.623467161697922        21.862871453993630        30.273297856845154        36.797472216076301        41.483959929025865        44.392827610178827        45.570721964553847        45.050269172887290        42.870399957255970        39.149880802579013        34.295589938604351        29.345477616502226        24.685969683614921        20.394863191141777        16.449402358199276        12.799507797039256        9.3885455759062637        6.1580798976086211        3.0486571430463405        0.0000000000000000     
   0.0000000000000000        14.934616883481924        26.984484473960212        36.294304735271041        43.253078773768152        48.131190836827223        51.082117363427955        52.170566529350403        51.381310691386375        48.611358129780513        43.691548528667042        36.735436522350504        30.578911624576676        25.312270805264074        20.718585076782087        16.619393161728265        12.889546487122347        9.4360090111847565        6.1820854071505984        3.0586952760519717        0.0000000000000000     
   0.0000000000000000        21.194364913174653        34.972074900725744        44.850895819608731        52.027436890513435        56.990783778844211        59.958493049349819        61.003562264130217        60.070069115045079        56.891112995302507        50.660606260617008        38.759302591016379        31.289337652725877        25.607100869763304        20.856008249939325        16.687957077789566        12.924952091102996        9.4544344252418835        6.1913434384065793        3.0625545088885491        0.0000000000000000     
