   0.0000000000000000        23.124526359298869        38.782879335808879        50.444720807867938        59.261330990730954        65.680497259554841        69.883614988947926        71.913578680660208        71.691131121196989        68.933289590208858        62.825393292655612        50.747166852684401        42.807091461994403        36.374925751865867        30.613974015663871        25.201912156124742        19.991690017447596        14.906067879075591        9.8988396766070448        4.9384036217745875        0.0000000000000000     
   0.0000000000000000        16.864778329396465        30.795288908629374        41.888129722923438        50.486972873202227        56.820904316599240        61.007239301956140        63.080582944707473        63.002372696293406        60.653534723401371        55.856335559411775        48.723300782747785        42.096665432628832        36.080095686233484        30.476550841482762        25.133348239172740        19.956284412729346        14.887642464450630        9.8895816449654657        4.9345443887430873        0.0000000000000000     
   0.0000000000000000        13.553628607062926        25.673675887578860        35.867122842908742        44.031366313459294        50.173673406338985        54.317949545905989        56.480738376840577        56.671331174534572        54.912576547510710        51.314667829935743        46.283454195675041        40.863231421369186        35.453794561616988        30.152828953161897        24.963357433311277        19.866245720715277        14.840179027685341        9.8655761344137733        4.9245062552270369        0.0000000000000000     
   0.0000000000000000        11.690390768682031        22.506970832904436        31.916905988587256        39.651535982290071        45.589239024048339        49.684241686824102        51.934687119135845        52.376726256161284        51.101207961991449        48.297859408239404        44.323035658055460        39.706069117386647        34.800576028363466        29.791656504537166        24.765718707153578        19.758950800003316        14.782794897814915        9.8363136941300873        4.9122184647460294        0.0000000000000000     
   0.0000000000000000        10.715294192167054        20.775218327959891        29.683580837159408        37.122472453969685        42.912270595396492        46.969185646542712        49.278639433639995        49.886767947652118        48.908105135875580        46.544080574067387        43.095178820330744        38.924490983589990        34.332337772573766        29.521545857769596        24.613621977720388        19.674832665197677        14.737279176094141        9.8129413638983909        4.9023678766217298        0.0000000000000000     
   0.0000000000000000        10.409898229431937        20.223335090799281        28.961313119035353        36.296342251937602        42.032950831680303        46.075685458645587        48.405514298151147        49.070690143600004        48.190799559612465        45.966733322917939        42.679526975017652        38.651435845899989        34.164292063233390        29.422610704547591        24.557102567718019        19.643267497841016        14.720090884119029        9.8040807931001410        4.8986256448372556        0.0000000000000000     
   0.0000000000000000        10.715294192167054        20.775218327959891        29.683580837159408        37.122472453969685        42.912270595396492        46.969185646542712        49.278639433639995        49.886767947652118        48.908105135875580        46.544080574067387        43.095178820330744        38.924490983589990        34.332337772573766        29.521545857769596        24.613621977720388        19.674832665197677        14.737279176094141        9.8129413638983909        4.9023678766217298        0.0000000000000000     
   0.0000000000000000        11.690390768682031        22.506970832904432        31.916905988587256        39.651535982290063        45.589239024048339        49.684241686824102        51.934687119135845        52.376726256161284        51.101207961991449        48.297859408239404        44.323035658055460        39.706069117386647        34.800576028363466        29.791656504537166        24.765718707153578        19.758950800003316        14.782794897814915        9.8363136941300873        4.9122184647460294        0.0000000000000000     
   0.0000000000000000        13.553628607062926        25.673675887578856        35.867122842908735        44.031366313459287        50.173673406338978        54.317949545905989        56.480738376840577        56.671331174534572        54.912576547510710        51.314667829935743        46.283454195675041        40.863231421369186        35.453794561616988        30.152828953161897        24.963357433311277        19.866245720715277        14.840179027685341        9.8655761344137733        4.9245062552270369        0.0000000000000000     
   0.0000000000000000        16.864778329396461        30.795288908629370        41.888129722923431        50.486972873202220        56.820904316599233        61.007239301956126        63.080582944707466        63.002372696293406        60.653534723401364        55.856335559411768        48.723300782747785        42.096665432628832        36.080095686233484        30.476550841482762        25.133348239172740        19.956284412729346        14.887642464450629        9.8895816449654657        4.9345443887430864        0.0000000000000000     
   0.0000000000000000        23.124526359298869        38.782879335808872        50.444720807867931        59.261330990730947        65.680497259554841        69.883614988947926        71.913578680660194        71.691131121196989        68.933289590208844        62.825393292655605        50.747166852684401        42.807091461994403        36.374925751865867        30.613974015663867        25.201912156124742        19.991690017447596        14.906067879075589        9.8988396766070448        4.9384036217745866        0.0000000000000000     
