   0.0000000000000000        22.719353189190596        37.982554156333634        49.269034834878603        57.739349892944809        63.849834073280370        67.789490568199398        69.607694128441466        69.230381344822575        66.378350968107156        60.239221344085770        48.193441712863411        40.348649866080883        34.072218137502780        28.523584309352948        23.375175880999265        18.473443634098849        13.733558843941475        9.1008226775925554        4.5344439339469256        0.0000000000000000     
   0.0000000000000000        16.459605159288191        29.994963729154129        40.712443749933996        48.964991775415868        54.990241130324108        58.913114881207321        60.774698392488730        60.541622919918979        58.098596101299684        53.270163610841934        46.169575642926795        39.638223836715326        33.777388071870398        28.386161135171850        23.306611964047264        18.438038029380603        13.715133429316520        9.0915646459509833        4.5305847009154290        0.0000000000000000     
   0.0000000000000000        13.148455436954652        24.873350708103612        34.691436869919194        42.509385215672708        48.343010220063768        52.223825125157134        54.174853824621827        54.210581398160137        52.357637925409023        48.728495881365937        43.729729055854087        38.404789825455701        33.151086947253923        28.062439246850996        23.136621158185815        18.347999337366549        13.667669992551238        9.0675591353992946        4.5205465673993803        0.0000000000000000     
   0.0000000000000000        11.285217598573759        21.706645653429185        30.741220015597609        38.129554884503428        43.758575837773044        47.590117266075197        49.628802566917088        49.915976479786856        48.546269339889783        45.711687459669619        41.769310518234555        37.247627521473248        32.497868414000493        27.701266798226364        22.938982432028215        18.240704416654662        13.610285862680859        9.0382966951156476        4.5082587769183924        0.0000000000000000     
   0.0000000000000000        10.310121022058782        19.974893148484643        28.507894864169746        35.600491356182971        41.081607409121162        44.875061225793793        46.972754881421224        47.426018171277690        46.353166513773921        43.957908625497616        40.541453680509839        36.466049387676684        32.029630158210843        27.431156151458893        22.786885702595050        18.156586281849062        13.564770140960135        9.0149243648839850        4.4984081887941141        0.0000000000000000     
   0.0000000000000000        10.004725059323665        19.423009911324030        27.785627146045680        34.774361154150895        40.202287645404972        43.981561037896668        46.099629745932376        46.609940367225583        45.635860937510806        43.380561374348176        40.125801835196754        36.192994249986690        31.861584448870538        27.332220998236874        22.730366292592709        18.125021114492398        13.547581848985025        9.0060637940857369        4.4946659570096408        0.0000000000000000     
   0.0000000000000000        10.310121022058782        19.974893148484643        28.507894864169746        35.600491356182971        41.081607409121162        44.875061225793793        46.972754881421224        47.426018171277690        46.353166513773921        43.957908625497616        40.541453680509839        36.466049387676684        32.029630158210843        27.431156151458893        22.786885702595050        18.156586281849066        13.564770140960139        9.0149243648839885        4.4984081887941150        0.0000000000000000     
   0.0000000000000000        11.285217598573759        21.706645653429185        30.741220015597609        38.129554884503428        43.758575837773044        47.590117266075197        49.628802566917088        49.915976479786856        48.546269339889783        45.711687459669619        41.769310518234555        37.247627521473248        32.497868414000493        27.701266798226364        22.938982432028215        18.240704416654665        13.610285862680863        9.0382966951156494        4.5082587769183933        0.0000000000000000     
   0.0000000000000000        13.148455436954652        24.873350708103612        34.691436869919194        42.509385215672708        48.343010220063768        52.223825125157134        54.174853824621827        54.210581398160137        52.357637925409023        48.728495881365937        43.729729055854087        38.404789825455701        33.151086947253923        28.062439246850996        23.136621158185815        18.347999337366549        13.667669992551239        9.0675591353992964        4.5205465673993821        0.0000000000000000     
   0.0000000000000000        16.459605159288191        29.994963729154129        40.712443749933996        48.964991775415868        54.990241130324108        58.913114881207321        60.774698392488730        60.541622919918979        58.098596101299684        53.270163610841934        46.169575642926802        39.638223836715333        33.777388071870405        28.386161135171854        23.306611964047267        18.438038029380607        13.715133429316522        9.0915646459509833        4.5305847009154290        0.0000000000000000     
   0.0000000000000000        22.719353189190596        37.982554156333634        49.269034834878603        57.739349892944809        63.849834073280370        67.789490568199398        69.607694128441466        69.230381344822575        66.378350968107156        60.239221344085770        48.193441712863418        40.348649866080891        34.072218137502787        28.523584309352955        23.375175880999269        18.473443634098853        13.733558843941477        9.1008226775925554        4.5344439339469256        0.0000000000000000     
