   0.0000000000000000        20.824935700840264        34.243694639669847        43.784127079540333        50.652162227330351        55.345114938003690        58.087415642521378        58.957390332564081        57.902790656011391        54.658707945367659        48.419412834371137        36.564497042883900        29.193577696089427        23.659365711875950        19.100650210814173        15.163962780701725        11.665396795623163        8.4861024588522440        5.5344816797478815        2.7307247983565421        0.0000000000000000     
   0.0000000000000000        14.565187672827486        26.256104216216208        35.227536000052368        41.877804116835811        46.485522003464148        49.211039965098159        50.124394607074471        49.214032242188274        46.378953089972043        41.450355112582436        34.540630984163997        28.483151677432609        23.364535656194374        18.963227045600078        15.095398871533837        11.629991197337793        8.4676770491723339        5.5252236514605304        2.7268655670194502        0.0000000000000000     
   0.0000000000000000        11.254037955441660        21.134491204920320        29.206529134323194        35.422197575508569        39.838291115239002        42.521750234098732        43.524550066599787        42.882990749439209        40.637994943958702        36.908687413096757        32.100784426456556        27.249717694209437        22.738234557630147        18.639505180755243        14.925408086052011        11.539952522165139        8.4202136253535507        5.5012181496905352        2.7168274379395130        0.0000000000000000     
   0.0000000000000000        9.3908001231765947        17.967786162303501        25.256312297659978        31.042367267103042        35.253856760184824        37.888042405981068        38.978498842753382        38.588385866923815        36.826626395369672        33.891879028470257        30.140365925134926        26.092555424881880        22.085016056579335        18.278332761148445        14.727769385084565        11.432657622270444        8.3628295114859430        5.4719557202615823        2.7045396529418402        0.0000000000000000     
   0.0000000000000000        8.4157035516091714        16.236033667113784        23.022987160518216        28.513303757198749        32.576888353567327        35.172986390749550        36.322451184648727        36.098427587423579        34.633523599130569        32.138100224288713        28.912509116775038        25.310977319121339        21.616777826842274        18.008222137857146        14.575672676030717        11.348539504306370        8.3173138027117659        5.4485833988115138        2.6946890692536423        0.0000000000000000     
   0.0000000000000000        8.1103075907638509        15.684150433678996        22.300719447850799        27.687173562200858        31.697568598267466        34.279486212420387        35.449326059622138        35.282349794451584        33.916218034278828        31.560752984594224        28.496857282678604        25.037922192140179        21.448732127453109        17.909286993602223        14.519153273812599        11.316974343382642        8.3001255156817741        5.4397228313675434        2.6909468391635709        0.0000000000000000     
   0.0000000000000000        8.4157035516091714        16.236033667113784        23.022987160518216        28.513303757198749        32.576888353567334        35.172986390749550        36.322451184648727        36.098427587423579        34.633523599130569        32.138100224288713        28.912509116775038        25.310977319121339        21.616777826842274        18.008222137857146        14.575672676030717        11.348539504306370        8.3173138027117659        5.4485833988115138        2.6946890692536423        0.0000000000000000     
   0.0000000000000000        9.3908001231765930        17.967786162303501        25.256312297659974        31.042367267103039        35.253856760184824        37.888042405981068        38.978498842753389        38.588385866923822        36.826626395369672        33.891879028470257        30.140365925134926        26.092555424881880        22.085016056579335        18.278332761148445        14.727769385084565        11.432657622270444        8.3628295114859430        5.4719557202615823        2.7045396529418402        0.0000000000000000     
   0.0000000000000000        11.254037955441659        21.134491204920316        29.206529134323187        35.422197575508562        39.838291115239002        42.521750234098732        43.524550066599794        42.882990749439209        40.637994943958702        36.908687413096757        32.100784426456556        27.249717694209437        22.738234557630147        18.639505180755243        14.925408086052011        11.539952522165139        8.4202136253535507        5.5012181496905352        2.7168274379395130        0.0000000000000000     
   0.0000000000000000        14.565187672827484        26.256104216216205        35.227536000052368        41.877804116835804        46.485522003464148        49.211039965098159        50.124394607074471        49.214032242188274        46.378953089972043        41.450355112582436        34.540630984163997        28.483151677432609        23.364535656194374        18.963227045600082        15.095398871533840        11.629991197337795        8.4676770491723339        5.5252236514605304        2.7268655670194502        0.0000000000000000     
   0.0000000000000000        20.824935700840257        34.243694639669833        43.784127079540326        50.652162227330344        55.345114938003682        58.087415642521378        58.957390332564081        57.902790656011391        54.658707945367659        48.419412834371137        36.564497042883900        29.193577696089427        23.659365711875950        19.100650210814173        15.163962780701729        11.665396795623165        8.4861024588522458        5.5344816797478815        2.7307247983565421        0.0000000000000000     
