   0.0000000000000000        23.424834315971985        39.376094808315663        51.316225711785222        60.389650635316272        67.037830628238908        71.436521058730534        73.623801708069436        73.516544391756568        70.828934220292993        64.744586357921150        52.642651450439168        44.632200332974890        38.084729809197839        32.166387556581817        26.558727649312516        21.119517133167463        15.777153812915365        10.491750749534560        5.2385515461183498        0.0000000000000000     
   0.0000000000000000        17.165086286069577        31.388504381136165        42.759634626840722        51.615292517787552        58.178237685283300        62.560145371738820        64.790805972116715        64.827785966853014        62.549179353485506        57.775528624677484        50.618785380502551        43.921774303609276        37.789899743565456        32.028964382400673        26.490163732360511        21.084111528449217        15.758728398290403        10.482492717892981        5.2346923130868497        0.0000000000000000     
   0.0000000000000000        13.853936563736033        26.266891360085651        36.738627746826033        45.159685958044626        51.531006775023044        55.870855615688676        58.190961404249826        58.496744445094230        56.808221177594845        53.233860895201460        48.178938793429786        42.688340292349594        37.163598618948740        31.705242494079339        26.320172926499033        20.994072836435144        15.711264961525112        10.458487207341285        5.2246541795707984        0.0000000000000000     
   0.0000000000000000        11.990698725355136        23.100186305411228        32.788410892504551        40.779855626875410        46.946572392732413        51.237147756606795        53.644910146545101        54.202139526720941        52.996852592075598        50.217052473505106        46.218520255810205        41.531177988367027        36.510380085695168        31.344070045454501        26.122534200341313        20.886777915723176        15.653880831654684        10.429224767057601        5.2123663890897891        0.0000000000000000     
   0.0000000000000000        11.015602148840159        21.368433800466686        30.555085741076727        38.250792098555031        44.269603964080574        48.522091716325413        50.988862461049251        51.712181218211775        50.803749765959729        48.463273639333096        44.990663418085489        40.749599854570363        36.042141829905447        31.073959398686839        25.970437470908109        20.802659780917530        15.608365109933908        10.405852436825901        5.2025158009654904        0.0000000000000000     
   0.0000000000000000        10.710206186105042        20.816550563306077        29.832818022952683        37.424661896522949        43.390284200364384        47.628591528428288        50.115737325560396        50.896103414159661        50.086444189696607        47.885926388183655        44.575011572772389        40.476544716880362        35.874096120565056        30.975024245464819        25.913918060905729        20.771094613560866        15.591176817958798        10.396991866027651        5.1987735691810162        0.0000000000000000     
   0.0000000000000000        11.015602148840159        21.368433800466686        30.555085741076727        38.250792098555031        44.269603964080574        48.522091716325413        50.988862461049251        51.712181218211775        50.803749765959729        48.463273639333096        44.990663418085489        40.749599854570363        36.042141829905447        31.073959398686839        25.970437470908109        20.802659780917530        15.608365109933908        10.405852436825901        5.2025158009654904        0.0000000000000000     
   0.0000000000000000        11.990698725355136        23.100186305411228        32.788410892504551        40.779855626875403        46.946572392732413        51.237147756606795        53.644910146545101        54.202139526720941        52.996852592075598        50.217052473505106        46.218520255810205        41.531177988367027        36.510380085695168        31.344070045454501        26.122534200341313        20.886777915723176        15.653880831654684        10.429224767057601        5.2123663890897891        0.0000000000000000     
   0.0000000000000000        13.853936563736033        26.266891360085651        36.738627746826026        45.159685958044619        51.531006775023037        55.870855615688676        58.190961404249826        58.496744445094230        56.808221177594845        53.233860895201452        48.178938793429786        42.688340292349594        37.163598618948740        31.705242494079339        26.320172926499033        20.994072836435144        15.711264961525112        10.458487207341285        5.2246541795707984        0.0000000000000000     
   0.0000000000000000        17.165086286069574        31.388504381136165        42.759634626840722        51.615292517787545        58.178237685283293        62.560145371738813        64.790805972116715        64.827785966853014        62.549179353485499        57.775528624677477        50.618785380502544        43.921774303609276        37.789899743565456        32.028964382400673        26.490163732360511        21.084111528449217        15.758728398290403        10.482492717892981        5.2346923130868497        0.0000000000000000     
   0.0000000000000000        23.424834315971982        39.376094808315663        51.316225711785222        60.389650635316265        67.037830628238908        71.436521058730534        73.623801708069436        73.516544391756568        70.828934220292993        64.744586357921136        52.642651450439160        44.632200332974882        38.084729809197839        32.166387556581817        26.558727649312516        21.119517133167463        15.777153812915365        10.491750749534560        5.2385515461183498        0.0000000000000000     
