   0.0000000000000000        22.420101819325197        37.391514036841365        48.400938244069820        56.615818495681935        62.498822418270372        66.244569416949517        67.907194036822631        67.416420501838161        64.495774003492528        58.334477594121502        46.313432279110046        38.539572757009743        32.378439928946690        26.986565205566780        22.032472930391322        17.357814284299440        12.872184136195099        8.5146662920132599        4.2377600949428809        0.0000000000000000     
   0.0000000000000000        16.160353789422793        29.403923609661867        39.844347159125356        47.841460378153165        53.639229475314117        57.368193729957476        59.074198300869931        58.727662076934543        56.216019136685034        51.365419860877665        44.289566209173429        37.829146727644293        32.083609863314308        26.849142031385732        21.963909013439316        17.322408679581191        12.853758721570181        8.5054082603717109        4.2339008619113976        0.0000000000000000     
   0.0000000000000000        12.849204067089266        24.282310588611367        33.823340279110695        41.385853818410190        46.991998565054153        50.678903973907779        52.474353733003490        52.396620555176149        50.475060960794615        46.823752131402102        41.849719622101119        36.595712716384824        31.457308738697865        26.525420143064924        21.793918207577992        17.232369987567221        12.806295284804934        8.4814027498200506        4.2238627283953640        0.0000000000000000     
   0.0000000000000000        10.985966228708387        21.115605533936961        29.873123424789249        37.006023487241094        42.407564182763807        46.045196114826332        47.928302475299226        48.102015636803252        46.663692375275815        43.806943709706211        39.889301084481986        35.438550412402670        30.804090205444815        26.164247694440533        21.596279481420531        17.125075066855452        12.748911154934639        8.4521403095364604        4.2115749379144063        0.0000000000000000     
   0.0000000000000000        10.010869652193410        19.383853028992437        27.639798273361464        34.476959958920830        39.730595754112066        43.330140074545263        45.272254789803831        45.612057328294469        44.470589549160387        42.053164875534470        38.661444246757284        34.656972278606403        30.335851949655620        25.894137047673304        21.444182751987416        17.040956932049923        12.703395433213997        8.4287679793048600        4.2017243497901573        0.0000000000000000     
   0.0000000000000000        9.7054736894582927        18.831969791831828        26.917530555237427        33.650829756888754        38.851275990395877        42.436639886648138        44.399129654314976        44.795979524242753        43.753283972897499        41.475817624385023        38.245792401444191        34.383917140916409        30.167806240315119        25.795201894451278        21.387663341985117        17.009391764693259        12.686207141238885        8.4199074085066101        4.1979821180056831        0.0000000000000000     
   0.0000000000000000        10.010869652193410        19.383853028992437        27.639798273361464        34.476959958920830        39.730595754112066        43.330140074545263        45.272254789803831        45.612057328294469        44.470589549160387        42.053164875534470        38.661444246757284        34.656972278606403        30.335851949655620        25.894137047673304        21.444182751987416        17.040956932049923        12.703395433213997        8.4287679793048600        4.2017243497901573        0.0000000000000000     
   0.0000000000000000        10.985966228708387        21.115605533936964        29.873123424789249        37.006023487241094        42.407564182763807        46.045196114826332        47.928302475299226        48.102015636803252        46.663692375275815        43.806943709706211        39.889301084481986        35.438550412402670        30.804090205444815        26.164247694440533        21.596279481420531        17.125075066855452        12.748911154934639        8.4521403095364604        4.2115749379144063        0.0000000000000000     
   0.0000000000000000        12.849204067089270        24.282310588611374        33.823340279110703        41.385853818410190        46.991998565054153        50.678903973907779        52.474353733003490        52.396620555176149        50.475060960794615        46.823752131402102        41.849719622101119        36.595712716384824        31.457308738697865        26.525420143064924        21.793918207577992        17.232369987567221        12.806295284804934        8.4814027498200506        4.2238627283953640        0.0000000000000000     
   0.0000000000000000        16.160353789422796        29.403923609661874        39.844347159125363        47.841460378153165        53.639229475314117        57.368193729957476        59.074198300869931        58.727662076934543        56.216019136685034        51.365419860877665        44.289566209173429        37.829146727644293        32.083609863314308        26.849142031385732        21.963909013439316        17.322408679581191        12.853758721570181        8.5054082603717109        4.2339008619113976        0.0000000000000000     
   0.0000000000000000        22.420101819325200        37.391514036841372        48.400938244069827        56.615818495681943        62.498822418270372        66.244569416949517        67.907194036822631        67.416420501838161        64.495774003492528        58.334477594121502        46.313432279110046        38.539572757009743        32.378439928946690        26.986565205566780        22.032472930391322        17.357814284299440        12.872184136195099        8.5146662920132599        4.2377600949428809        0.0000000000000000     
