   0.0000000000000000        20.148841197616846        32.912221233133188        41.837794150616084        48.149531847490081        52.360300968860756        54.707028711431363        55.277115934424771        54.023812042002454        50.684181925356064        44.451186095572027        32.700215632283459        25.524296790414184        20.267715448251305        16.059561299170902        12.535907861765910        9.5020644352295847        6.8283936644425633        4.4127059815448613        2.1648749045442099        0.0000000000000000     
   0.0000000000000000        13.889093219575047        24.924630908055345        33.281203214848020        39.375173921643103        43.500708254319271        45.830653282857895        46.444120479482642        45.335053912892398        42.404427361199055        37.482128664048894        30.676349855715205        24.813871039186072        19.972885639327391        15.922138354839918        12.467344143190177        9.4666589936251224        6.8099683746927582        4.4034480343489530        2.1610157140911852        0.0000000000000000     
   0.0000000000000000        10.577943633014984        19.803018154310596        27.260196725382606        32.919567863729441        36.853477942056436        39.141364203355536        39.844276647310728        39.004013165531909        36.663469977658323        32.940461724488571        28.236504036690452        23.580437756100448        19.346585186783177        15.598417068274509        12.297353856685062        9.3766207286483887        6.7625052648550490        4.3794427448790936        2.1509776920471388        0.0000000000000000     
   0.0000000000000000        8.7147059624594299        16.636313430044506        23.309980353806946        28.539738152855964        32.269044298930851        34.507657180532590        35.298226298974541        34.709409204367354        32.852102371537171        29.923654279181392        26.276086448430824        22.423276352190445        18.693367484257031        15.237245363460419        12.099715772486743        9.2693263357837328        6.7051215390893963        4.3501805778675529        2.1386900393530994        0.0000000000000000     
   0.0000000000000000        7.7396095217177647        14.904561192405920        21.076655592928944        26.010675126365239        29.592076468275650        31.792601816798214        32.642179349172501        32.219451670255673        30.659000337770614        28.169876234925074        25.048230378753630        21.641698946567381        18.225129900539940        14.967135318448573        11.947619562409601        9.1852086280155660        6.6596061442962959        4.3268084687176254        2.1288395627007883        0.0000000000000000     
   0.0000000000000000        7.4342136108434271        14.352678057346932        20.354388023981489        25.184545116014910        28.712756932973846        30.899101887318881        31.769054494693478        31.403374161996808        29.941695064157507        27.592529285496227        24.632578826808885        21.368644087014975        18.057084447908430        14.868200395076725        11.891100350783617        9.1536436237727408        6.6424179771964154        4.3179479823650926        2.1250973734947887        0.0000000000000000     
   0.0000000000000000        7.7396095217177647        14.904561192405918        21.076655592928944        26.010675126365239        29.592076468275650        31.792601816798214        32.642179349172501        32.219451670255673        30.659000337770610        28.169876234925070        25.048230378753630        21.641698946567381        18.225129900539937        14.967135318448573        11.947619562409601        9.1852086280155660        6.6596061442962959        4.3268084687176254        2.1288395627007883        0.0000000000000000     
   0.0000000000000000        8.7147059624594299        16.636313430044503        23.309980353806942        28.539738152855961        32.269044298930844        34.507657180532583        35.298226298974541        34.709409204367354        32.852102371537171        29.923654279181395        26.276086448430824        22.423276352190445        18.693367484257031        15.237245363460419        12.099715772486743        9.2693263357837328        6.7051215390893963        4.3501805778675537        2.1386900393530999        0.0000000000000000     
   0.0000000000000000        10.577943633014982        19.803018154310593        27.260196725382603        32.919567863729434        36.853477942056429        39.141364203355536        39.844276647310728        39.004013165531909        36.663469977658323        32.940461724488578        28.236504036690452        23.580437756100448        19.346585186783177        15.598417068274509        12.297353856685062        9.3766207286483887        6.7625052648550490        4.3794427448790945        2.1509776920471393        0.0000000000000000     
   0.0000000000000000        13.889093219575045        24.924630908055345        33.281203214848020        39.375173921643103        43.500708254319271        45.830653282857895        46.444120479482642        45.335053912892398        42.404427361199055        37.482128664048894        30.676349855715205        24.813871039186072        19.972885639327391        15.922138354839918        12.467344143190177        9.4666589936251224        6.8099683746927582        4.4034480343489530        2.1610157140911852        0.0000000000000000     
   0.0000000000000000        20.148841197616846        32.912221233133181        41.837794150616084        48.149531847490081        52.360300968860756        54.707028711431363        55.277115934424771        54.023812042002454        50.684181925356064        44.451186095572027        32.700215632283459        25.524296790414184        20.267715448251305        16.059561299170902        12.535907861765910        9.5020644352295847        6.8283936644425633        4.4127059815448613        2.1648749045442099        0.0000000000000000     
