   0.0000000000000000        15.536200724204294        23.908908431406509        28.869931811094300        31.813895631469698        33.378995236721821        33.875296799451966        33.409598692951036        31.904268601680808        29.022893200972408        23.853143906857927        13.645894010354869        8.3634174706941788        5.2250743786947069        3.2508198654861888        1.9904202690209585        1.1894186975039469       0.68540749683798319       0.36805730041988788       0.15920153358675312        0.0000000000000000     
   0.0000000000000000        9.2809720820035100        15.930083316444177        20.325831981052733        23.055038133376115        24.537065023015629        25.017841466680320        24.595891772993987        23.234358020214462        20.760866256028674        16.900179226921527        11.636149810847416        7.6649805116500067        4.9400934235260028        3.1212205632411383        1.9278517731233111        1.1584172299369517       0.67003363158473794       0.36070580787972262       0.15625563682224114        0.0000000000000000     
   0.0000000000000000        5.9816541631030216        10.831417973185037        14.337527336054578        16.640012357698328        17.936075325108373        18.378085401310674        18.046545536166221        16.952660362550297        15.066319981550071        12.400643299114941        9.2332744504971256        6.4629340355350910        4.3395773969960256        2.8179816763808367        1.7735570630831101        1.0799086327684799       0.63055919688439577       0.34169164616982717       0.14860863205007330        0.0000000000000000     
   0.0000000000000000        4.1330410237049904        7.6930773931571119        10.427732077468260        12.310341905290837        13.408797398334615        13.805603671594440        13.562912758697877        12.719046953193551        11.312318859987011        9.4359119305522388        7.3185542422288403        5.3445683417369967        3.7182305820510484        2.4821272875619171        1.5953195377890910       0.98686552125832117       0.58304990082144414       0.31859878170055594       0.13927640594682650        0.0000000000000000     
   0.0000000000000000        3.1697759037866207        5.9842718944730544        8.2271082068041679        9.8218579816144356        10.778068845034330        11.140079898947130        10.957361964713062        10.278431115205059        9.1656266389901742        7.7242637367171154        6.1276676279014115        4.5943769067231246        3.2757767516786429        2.2324991206297922        1.4589185149554822       0.91427720329709616       0.54552299376974211       0.30021768599110699       0.13181689269786384        0.0000000000000000     
   0.0000000000000000        2.8688991143966613        5.4411535545005183        7.5173311538221474        9.0112276700948950        9.9164109842559274        10.265499185779058        10.103524755542480        9.4812002933142896        8.4660481834375823        7.1630088211320286        5.7261370329287171        4.3333103224547811        3.1175797370696845        2.1413875169616650        1.4083942854555493       0.88711600127749213       0.53138613534934964       0.29326358364099181       0.12898796388779035        0.0000000000000000     
   0.0000000000000000        3.1697759037866207        5.9842718944730544        8.2271082068041679        9.8218579816144356        10.778068845034330        11.140079898947130        10.957361964713062        10.278431115205059        9.1656266389901742        7.7242637367171154        6.1276676279014106        4.5943769067231237        3.2757767516786425        2.2324991206297917        1.4589185149554822       0.91427720329709616       0.54552299376974200       0.30021768599110688       0.13181689269786381        0.0000000000000000     
   0.0000000000000000        4.1330410237049904        7.6930773931571119        10.427732077468260        12.310341905290837        13.408797398334615        13.805603671594440        13.562912758697877        12.719046953193551        11.312318859987011        9.4359119305522388        7.3185542422288403        5.3445683417369958        3.7182305820510479        2.4821272875619171        1.5953195377890910       0.98686552125832117       0.58304990082144403       0.31859878170055589       0.13927640594682647        0.0000000000000000     
   0.0000000000000000        5.9816541631030216        10.831417973185035        14.337527336054576        16.640012357698328        17.936075325108373        18.378085401310674        18.046545536166221        16.952660362550301        15.066319981550073        12.400643299114943        9.2332744504971256        6.4629340355350910        4.3395773969960256        2.8179816763808367        1.7735570630831103        1.0799086327684799       0.63055919688439566       0.34169164616982717       0.14860863205007330        0.0000000000000000     
   0.0000000000000000        9.2809720820035100        15.930083316444176        20.325831981052730        23.055038133376115        24.537065023015629        25.017841466680320        24.595891772993987        23.234358020214462        20.760866256028677        16.900179226921527        11.636149810847416        7.6649805116500067        4.9400934235260028        3.1212205632411383        1.9278517731233114        1.1584172299369517       0.67003363158473794       0.36070580787972262       0.15625563682224114        0.0000000000000000     
   0.0000000000000000        15.536200724204294        23.908908431406509        28.869931811094300        31.813895631469698        33.378995236721821        33.875296799451966        33.409598692951036        31.904268601680808        29.022893200972408        23.853143906857927        13.645894010354869        8.3634174706941788        5.2250743786947069        3.2508198654861888        1.9904202690209585        1.1894186975039469       0.68540749683798319       0.36805730041988788       0.15920153358675312        0.0000000000000000     
