   0.0000000000000000        22.331892507936452        37.217310845855977        48.145113234439812        56.284784616438259        62.100864468684023        65.789626963915410        67.406602913695025        66.882620600587614        63.941991835951725        57.774392527892935        45.760835457631849        38.008027517952236        31.880952082097885        26.535270872593351        21.638350841237866        17.030428525115958        12.619462402843144        8.3427177632199676        4.1507361296158365        0.0000000000000000     
   0.0000000000000000        16.072144478034044        29.229720418676472        39.588522149495432        47.510426498909617        53.241271525727768        56.913251276923532        58.573607177742424        58.193862175684529        55.662236969144850        50.805334794649099        43.736969387695233        37.297601488586736        31.586122016465321        26.397847698412352        21.569786924285864        16.995022920397709        12.601036988218240        8.3334597315784258        4.1468768965843541        0.0000000000000000     
   0.0000000000000000        12.760994755700562        24.108107397626046        33.567515269480857        41.054819939166777        46.594040615468131        50.223961520874283        51.973762609876530        51.862820653926704        49.921278793254984        46.263667065173998        41.297122800623320        36.064167477327594        30.959820891849123        26.074125810091605        21.399796118424643        16.904984228383825        12.553573551453031        8.3094542210267672        4.1368387630683205        0.0000000000000000     
   0.0000000000000000        10.897756917319715        20.941402342951708        29.617298415159496        36.674989607997830        42.009606233178118        45.590253661793341        47.427711352172800        47.568215735554276        46.109910207736696        43.246858643478568        39.336704263004584        34.907005173345752        30.306602358596319        25.712953361467335        21.202157392267285        16.797689307672140        12.496189421582782        8.2801917807432144        4.1245509725873832        0.0000000000000000     
   0.0000000000000000        9.9226603408047396        19.209649838007252        27.383973263731836        34.145926079677729        39.332637804526378        42.875197621512456        44.771663666677760        45.078257427045756        43.916807381621616        41.493079809307133        38.108847425279876        34.125427039549642        29.838364102807230        25.442842714700223        21.050060662834170        16.713571172866637        12.450673699862186        8.2568194505116459        4.1147003844631547        0.0000000000000000     
   0.0000000000000000        9.6172643780696223        18.657766600846646        26.661705545607798        33.319795877645646        38.453318040810188        41.981697433615331        43.898538531188912        44.262179622994232        43.199501805358786        40.915732558157686        37.693195579966783        33.852371901859648        29.670318393466818        25.343907561478257        20.993541252831871        16.682006005509976        12.433485407887076        8.2479588797133978        4.1109581526786805        0.0000000000000000     
   0.0000000000000000        9.9226603408047396        19.209649838007252        27.383973263731836        34.145926079677729        39.332637804526378        42.875197621512456        44.771663666677760        45.078257427045756        43.916807381621616        41.493079809307133        38.108847425279876        34.125427039549642        29.838364102807230        25.442842714700223        21.050060662834170        16.713571172866637        12.450673699862186        8.2568194505116459        4.1147003844631547        0.0000000000000000     
   0.0000000000000000        10.897756917319715        20.941402342951708        29.617298415159496        36.674989607997830        42.009606233178118        45.590253661793341        47.427711352172800        47.568215735554276        46.109910207736696        43.246858643478568        39.336704263004584        34.907005173345752        30.306602358596319        25.712953361467335        21.202157392267285        16.797689307672140        12.496189421582782        8.2801917807432144        4.1245509725873832        0.0000000000000000     
   0.0000000000000000        12.760994755700564        24.108107397626050        33.567515269480857        41.054819939166777        46.594040615468131        50.223961520874283        51.973762609876530        51.862820653926704        49.921278793254984        46.263667065173998        41.297122800623320        36.064167477327594        30.959820891849123        26.074125810091605        21.399796118424643        16.904984228383825        12.553573551453031        8.3094542210267672        4.1368387630683205        0.0000000000000000     
   0.0000000000000000        16.072144478034048        29.229720418676475        39.588522149495432        47.510426498909617        53.241271525727768        56.913251276923532        58.573607177742424        58.193862175684529        55.662236969144850        50.805334794649099        43.736969387695233        37.297601488586736        31.586122016465321        26.397847698412352        21.569786924285864        16.995022920397709        12.601036988218240        8.3334597315784258        4.1468768965843541        0.0000000000000000     
   0.0000000000000000        22.331892507936452        37.217310845855977        48.145113234439812        56.284784616438259        62.100864468684023        65.789626963915410        67.406602913695025        66.882620600587614        63.941991835951725        57.774392527892935        45.760835457631849        38.008027517952236        31.880952082097885        26.535270872593351        21.638350841237866        17.030428525115958        12.619462402843144        8.3427177632199676        4.1507361296158365        0.0000000000000000     
