   0.0000000000000000        19.882541934477000        32.388432001572042        41.073692775995603        47.169816663175922        51.195999342211444        53.394050166589189        53.854653894906484        52.532704596343827        49.165338474738448        42.944173947970427        31.242080137319636        24.148662738386506        19.004188900021841        14.933422630019260        11.568061306386422        8.7091891266059474        6.2232277811108832        4.0043901436146347        1.9592835970581943        0.0000000000000000     
   0.0000000000000000        13.622794061912247        24.400841883948015        32.517102142833629        38.395459125276787        42.336407088639007        44.517675257752373        45.021659002919399        43.843947057215338        40.885584511381445        35.975117112403375        29.218214937214611        23.438237530848582        18.709359590338345        14.796000130523938        11.499497970024162        8.6737839980483127        6.2048027302524789        3.9951323575811779        1.9554244877454112        0.0000000000000000     
   0.0000000000000000        10.311644751494661        19.279229673324384        26.496096445600916        31.939854083023654        35.689177983208786        37.828387538938337        38.421816644582854        37.512907854446617        35.144628700755661        31.433451733076343        26.778370627390252        22.204805671162330        18.083060444822525        14.472280008553467        11.329508684166937        8.5837465526388002        6.1573402458405750        3.9711274900400966        1.9453866781292659        0.0000000000000000     
   0.0000000000000000        8.4484074222700070        16.112525620392912        22.545881053278777        27.560025627575644        31.104745831810295        33.194682198018604        33.875768118007358        33.218305802502499        31.333263038864317        28.416646216323596        24.817954904604864        21.047646026670758        17.429844357872330        14.111109743257876        11.131871836837393        8.4764531728149226        6.0999572931437109        3.9418658445611969        1.9330992880105580        0.0000000000000000     
   0.0000000000000000        7.4733112576708329        14.380773925875454        20.312557084633497        25.030963616745453        28.427779207987719        30.479628194972442        31.219722642040733        30.728349812982547        29.140162578012710        26.662869732300535        23.590100344128004        20.266070044447105        16.961608081183662        13.841000862840959        10.979776627408109        8.3923362846139558        6.0544425237764088        3.9184941573400427        1.9232490237861513        0.0000000000000000     
   0.0000000000000000        7.1679154522735491        13.828890998270278        19.590289818292039        24.204833994342909        27.548460133654920        29.586128785229779        30.346598350516683        29.912272894705197        28.422857905199656        26.085523378827823        23.174449368646485        19.993015728584897        16.793563127792574        13.742066384304794        10.923257797995603        8.3607715934179438        6.0372545955679282        3.9096338321499617        1.9195069157203912        0.0000000000000000     
   0.0000000000000000        7.4733112576708338        14.380773925875454        20.312557084633497        25.030963616745453        28.427779207987719        30.479628194972442        31.219722642040733        30.728349812982547        29.140162578012710        26.662869732300535        23.590100344128004        20.266070044447105        16.961608081183662        13.841000862840959        10.979776627408109        8.3923362846139558        6.0544425237764088        3.9184941573400427        1.9232490237861513        0.0000000000000000     
   0.0000000000000000        8.4484074222700087        16.112525620392912        22.545881053278777        27.560025627575644        31.104745831810295        33.194682198018604        33.875768118007358        33.218305802502499        31.333263038864317        28.416646216323596        24.817954904604864        21.047646026670758        17.429844357872330        14.111109743257876        11.131871836837393        8.4764531728149226        6.0999572931437109        3.9418658445611969        1.9330992880105580        0.0000000000000000     
   0.0000000000000000        10.311644751494663        19.279229673324384        26.496096445600916        31.939854083023651        35.689177983208786        37.828387538938337        38.421816644582854        37.512907854446617        35.144628700755661        31.433451733076343        26.778370627390252        22.204805671162330        18.083060444822525        14.472280008553467        11.329508684166937        8.5837465526388002        6.1573402458405750        3.9711274900400966        1.9453866781292659        0.0000000000000000     
   0.0000000000000000        13.622794061912247        24.400841883948015        32.517102142833622        38.395459125276780        42.336407088639000        44.517675257752373        45.021659002919399        43.843947057215338        40.885584511381445        35.975117112403375        29.218214937214611        23.438237530848582        18.709359590338345        14.796000130523938        11.499497970024162        8.6737839980483127        6.2048027302524789        3.9951323575811779        1.9554244877454112        0.0000000000000000     
   0.0000000000000000        19.882541934477000        32.388432001572042        41.073692775995596        47.169816663175922        51.195999342211437        53.394050166589189        53.854653894906484        52.532704596343827        49.165338474738448        42.944173947970427        31.242080137319636        24.148662738386506        19.004188900021841        14.933422630019260        11.568061306386422        8.7091891266059474        6.2232277811108832        4.0043901436146347        1.9592835970581943        0.0000000000000000     
