   0.0000000000000000        23.161695942894607        38.856301831564082        50.552585584668485        59.400978308332526        65.848484127434304        70.075800375848502        72.125225934431839        71.917025032583695        69.167865175826890        63.062873090152479        50.981703321300301        43.032910968421589        36.586470595996417        30.806039012810945        25.369772438726212        20.131216945295694        15.013830246235004        9.9721877674026871        4.9755340883681889        0.0000000000000000     
   0.0000000000000000        16.901947912992203        30.868711404384573        41.995994499723977        50.626620190803791        56.988891184478689        61.199424688856695        63.292230198479160        63.228266607680197        60.888110309019410        56.093815356908642        48.957837251363685        42.322484939056018        36.291640530364035        30.668615838629840        25.301208521774207        20.095811340577445        14.995404831610045        9.9629297357611080        4.9716748553366887        0.0000000000000000     
   0.0000000000000000        13.590798190658665        25.747098383334063        35.974987619709275        44.171013631060852        50.341660274218434        54.510134932806558        56.692385630612264        56.897225085921356        55.147152133128749        51.552147627432625        46.517990664290934        41.089050927796372        35.665339405747538        30.344893950308979        25.131217715912747        20.005772648563379        14.947941394844756        9.9389242252094157        4.9616367218206383        0.0000000000000000     
   0.0000000000000000        11.727560352277772        22.580393328659632        32.024770765387785        39.791183299891628        45.757225891927789        49.876427073724670        52.146334372907532        52.602620167548061        51.335783547609495        48.535339205736278        44.557572126671367        39.931888623813826        35.012120872494009        29.983721501684247        24.933578989755048        19.898477727851418        14.890557264974332        9.9096617849257314        4.9493489313396299        0.0000000000000000     
   0.0000000000000000        10.752463775762793        20.848640823715090        29.791445613959937        37.262119771571243        43.080257463275942        47.161371033443281        49.490286687411682        50.112661859038887        49.142680721493612        46.781560371564254        43.329715288946652        39.150310490017169        34.543882616704309        29.713610854916674        24.781482260321859        19.814359593045776        14.845041543253558        9.8862894546940350        4.9394983432153321        0.0000000000000000     
   0.0000000000000000        10.447067813027676        20.296757586554484        29.069177895835871        36.435989569539160        42.200937699559752        46.267870845546156        48.617161551922834        49.296584054986781        48.425375145230490        46.204213120414813        42.914063443633559        38.877255352327168        34.375836907363933        29.614675701694665        24.724962850319486        19.782794425689115        14.827853251278446        9.8774288838957851        4.9357561114308579        0.0000000000000000     
   0.0000000000000000        10.752463775762793        20.848640823715090        29.791445613959937        37.262119771571236        43.080257463275942        47.161371033443281        49.490286687411682        50.112661859038887        49.142680721493612        46.781560371564254        43.329715288946652        39.150310490017169        34.543882616704309        29.713610854916674        24.781482260321859        19.814359593045776        14.845041543253558        9.8862894546940350        4.9394983432153321        0.0000000000000000     
   0.0000000000000000        11.727560352277770        22.580393328659632        32.024770765387785        39.791183299891621        45.757225891927789        49.876427073724663        52.146334372907532        52.602620167548061        51.335783547609495        48.535339205736278        44.557572126671367        39.931888623813826        35.012120872494009        29.983721501684247        24.933578989755048        19.898477727851418        14.890557264974332        9.9096617849257314        4.9493489313396299        0.0000000000000000     
   0.0000000000000000        13.590798190658663        25.747098383334059        35.974987619709275        44.171013631060845        50.341660274218427        54.510134932806551        56.692385630612257        56.897225085921356        55.147152133128749        51.552147627432625        46.517990664290934        41.089050927796372        35.665339405747538        30.344893950308979        25.131217715912747        20.005772648563379        14.947941394844756        9.9389242252094157        4.9616367218206383        0.0000000000000000     
   0.0000000000000000        16.901947912992199        30.868711404384570        41.995994499723977        50.626620190803784        56.988891184478682        61.199424688856688        63.292230198479146        63.228266607680190        60.888110309019403        56.093815356908642        48.957837251363685        42.322484939056018        36.291640530364035        30.668615838629840        25.301208521774207        20.095811340577445        14.995404831610045        9.9629297357611080        4.9716748553366887        0.0000000000000000     
   0.0000000000000000        23.161695942894607        38.856301831564075        50.552585584668478        59.400978308332519        65.848484127434290        70.075800375848488        72.125225934431825        71.917025032583680        69.167865175826876        63.062873090152479        50.981703321300301        43.032910968421589        36.586470595996417        30.806039012810945        25.369772438726212        20.131216945295694        15.013830246235004        9.9721877674026871        4.9755340883681889        0.0000000000000000     
