   0.0000000000000000        22.579710928873368        37.706743055168808        48.863912782069470        57.214983873255207        63.219243324035418        67.068315468964954        68.813800007571871        68.383408042661841        65.499220279168412        59.349615343650733        47.315265450477348        39.503491991104838        33.280822737787958        27.805346633007225        22.747673720958499        17.952015037297976        13.330935512287171        8.8268270036123102        4.3957561001824104        0.0000000000000000     
   0.0000000000000000        16.319962898970960        29.719152627989303        40.307321697124905        48.440625755726309        54.359650381079163        58.191939781972849        59.980804271619192        59.694649617758330        57.219465412360918        52.380557610406896        45.291399380540724        38.793065961739302        32.985992672155575        27.667923458826134        22.679109804006494        17.916609432579726        13.312510097662226        8.8175689719707453        4.3918968671509182        0.0000000000000000     
   0.0000000000000000        13.008813176637418        24.597539606938788        34.286314817110146        41.985019195983199        47.712419470818908        51.502650025922776        53.380959703752389        53.363608095999552        51.478507236470264        47.838889880930957        42.851552793468080        37.559631950479684        32.359691547539107        27.344201570505287        22.509118998145080        17.826570740565693        13.265046660896953        8.7935634614190636        4.3818587336348758        0.0000000000000000     
   0.0000000000000000        11.145575338256522        21.430834552264358        30.336097962788610        37.605188864813982        43.127985088528277        46.868942166840938        48.834908446047763        49.069003177626350        47.667138650951109        44.822081459234695        40.891134255848606        36.402469646497309        31.706473014285809        26.983029121880758        22.311480271987527        17.719275819853856        13.207662531026610        8.7643010211354380        4.3695709431538985        0.0000000000000000     
   0.0000000000000000        10.170478761741546        19.699082047319820        28.102772811360765        35.076125336493590        40.451016659876487        44.153886126559655        46.178860760552013        46.579044869117261        45.474035824835326        43.068302625062735        39.663277418123897        35.620891512700823        31.238234758496422        26.712918475113387        22.159383542554398        17.635157685048295        13.162146809305922        8.7409286909037966        4.3597203550296291        0.0000000000000000     
   0.0000000000000000        9.8650827990064283        19.147198810159207        27.380505093236714        34.249995134461514        39.571696896160297        43.260385938662530        45.305735625063157        45.762967065065240        44.756730248572261        42.490955373913287        39.247625572810797        35.347836375010829        31.070189049155918        26.613983321891350        22.102864132552092        17.603592517691631        13.144958517330810        8.7320681201055486        4.3559781232451549        0.0000000000000000     
   0.0000000000000000        10.170478761741546        19.699082047319820        28.102772811360765        35.076125336493590        40.451016659876487        44.153886126559655        46.178860760552013        46.579044869117261        45.474035824835326        43.068302625062735        39.663277418123897        35.620891512700823        31.238234758496422        26.712918475113387        22.159383542554401        17.635157685048299        13.162146809305922        8.7409286909037966        4.3597203550296291        0.0000000000000000     
   0.0000000000000000        11.145575338256522        21.430834552264361        30.336097962788610        37.605188864813982        43.127985088528277        46.868942166840938        48.834908446047763        49.069003177626350        47.667138650951109        44.822081459234695        40.891134255848606        36.402469646497316        31.706473014285809        26.983029121880758        22.311480271987531        17.719275819853859        13.207662531026612        8.7643010211354380        4.3695709431538985        0.0000000000000000     
   0.0000000000000000        13.008813176637419        24.597539606938788        34.286314817110146        41.985019195983199        47.712419470818908        51.502650025922776        53.380959703752389        53.363608095999552        51.478507236470264        47.838889880930957        42.851552793468080        37.559631950479691        32.359691547539114        27.344201570505291        22.509118998145080        17.826570740565696        13.265046660896957        8.7935634614190654        4.3818587336348758        0.0000000000000000     
   0.0000000000000000        16.319962898970964        29.719152627989306        40.307321697124905        48.440625755726309        54.359650381079163        58.191939781972849        59.980804271619192        59.694649617758330        57.219465412360918        52.380557610406896        45.291399380540724        38.793065961739309        32.985992672155575        27.667923458826134        22.679109804006494        17.916609432579726        13.312510097662228        8.8175689719707453        4.3918968671509182        0.0000000000000000     
   0.0000000000000000        22.579710928873368        37.706743055168808        48.863912782069470        57.214983873255207        63.219243324035418        67.068315468964954        68.813800007571871        68.383408042661841        65.499220279168412        59.349615343650733        47.315265450477348        39.503491991104838        33.280822737787958        27.805346633007225        22.747673720958499        17.952015037297976        13.330935512287171        8.8268270036123102        4.3957561001824104        0.0000000000000000     
