   0.0000000000000000        13.223936538974028        19.466792029320061        22.633507123518868        24.223296573480532        24.925457441707692        25.054008203844027        24.683033717530780        23.674110830690161        21.607189473953405        17.468219358774455        8.3965214414912435        4.2460260598356161        2.1459198005884921        1.0557971202373455       0.49906767390365431       0.22508549410951001        9.6393214397143365E-002   3.8707268150898852E-002   1.3268514574945142E-002   0.0000000000000000     
   0.0000000000000000        7.0152578217040382        11.577191805111198        14.214246612543263        15.615762194458110        16.251307779503986        16.370831247075870        16.040892443351602        15.165086930250782        13.489076835454149        10.637962237254280        6.4863477871699793        3.6243573180307429        1.9171134944166262       0.96519469040809136       0.46218433992852137       0.21012564184110344        9.0467671085652429E-002   3.6462202146539141E-002   1.2528781116201308E-002   0.0000000000000000     
   0.0000000000000000        3.8375375400630656        6.7116014548391405        8.5520535491967102        9.5960358522812825        10.088615399593312        10.186353407433822        9.9397443119504807        9.3036966794265137        8.1705067900357982        6.4590095601291990        4.3436192006682557        2.6228933363266913        1.4633827462517983       0.76386399353732748       0.37501781033172477       0.17354644199312036        7.5691990158357841E-002   3.0798119982715103E-002   1.0649957549688484E-002   0.0000000000000000     
   0.0000000000000000        2.1386850953367578        3.8603217969844046        5.0439131453951740        5.7532464272431412        6.1011906709537307        6.1746533052416810        6.0081853601166273        5.5878164209834296        4.8796482209471117        3.8892047825269014        2.7493954805432654        1.7516641010706784        1.0229098168848350       0.55360182975565908       0.27952279446699202       0.13219495483288379        5.8637607840680173E-002   2.4169484098435393E-002   8.4323607757898315E-003   0.0000000000000000     
   0.0000000000000000        1.2961412498978251        2.3829175748054761        3.1670715947549404        3.6572563589212885        3.9056691813194702        3.9612187043767149        3.8477142502253212        3.5646063304452209        3.1063630916078955        2.4959804354522053        1.8169382383935071        1.2007667985929862       0.72633180372994399       0.40527861433181378       0.20987418172766251       0.10131627153019726        4.5689153158064010E-002   1.9078049016249782E-002   6.7164017251506291E-003   0.0000000000000000     
   0.0000000000000000        1.0412727550999579        1.9279896960421778        2.5806942760109921        2.9962151974888558        3.2098819609665323        3.2589453938143800        3.1635153675557666        2.9264688386739408        2.5491111046861090        2.0560984736155188        1.5139167605691073        1.0156721687593580       0.62374735237200429       0.35279105614374107       0.18480287226911390        9.0060862315978998E-002   4.0926265437763218E-002   1.7193031834298066E-002   6.0784157285433491E-003   0.0000000000000000     
   0.0000000000000000        1.2961412475797838        2.3829175704081402        3.1670715886800087        3.6572563516576757        3.9056691733723436        3.9612186962227836        3.8477142422935025        3.5646063231068092        3.1063630851606407        2.4959804300951935        1.8169382342042681        1.2007667955234549       0.72633180162981337       0.40527861299299539       0.20987418093320459       0.10131627109151004        4.5689152933058148E-002   1.9078048910658479E-002   6.7164016845216758E-003   0.0000000000000000     
   0.0000000000000000        2.1386850920230325        3.8603217906995058        5.0439131367130923        5.7532464168623791        6.1011906595961563        6.1746532935885403        6.0081853487809198        5.5878164104957904        4.8796482117330822        3.8892047748709726        2.7493954745562568        1.7516640966838892        1.0229098138834627       0.55360182784230771       0.27952279333160412       0.13219495420594091        5.8637607519118159E-002   2.4169483947536596E-002   8.4323607177364014E-003   0.0000000000000000     
   0.0000000000000000        3.8375375381080650        6.7116014511341469        8.5520535440793743        9.5960358461627600        10.088615392898925        10.186353400565110        9.9397443052688566        9.3036966732447830        8.1705067846048038        6.4590095556166336        4.3436191971394162        2.6228933337410796        1.4633827444827716       0.76386399240959069       0.37501780966252474       0.17354644162360000        7.5691989968832113E-002   3.0798119893786217E-002   1.0649957515498073E-002   0.0000000000000000     
   0.0000000000000000        7.0152578240391410        11.577191809541571        14.214246618662111        15.615762201772611        16.251307787505887        16.370831255285651        16.040892451337761        15.165086937639650        13.489076841945945        10.637962242648484        6.4863477913884626        3.6243573211218103        1.9171134965315422       0.96519469175635808       0.46218434072859349       0.21012564228288966        9.0467671312243023E-002   3.6462202252871528E-002   1.2528781157130686E-002   0.0000000000000000     
   0.0000000000000000        13.223936549303517        19.466792048872694        22.633507150509921        24.223296605743734        24.925457477003377        25.054008240057282        24.683033752757797        23.674110863282394        21.607189502588405        17.468219382567874        8.3965214600983948        4.2460260734696522        2.1459198099168018        1.0557971261840966       0.49906767743245423       0.22508549605802036        9.6393215396476856E-002   3.8707268619715685E-002   1.3268514755054667E-002   0.0000000000000000     
