   0.0000000000000000        22.719278765024043        37.982407242728698        49.268819192899684        57.739071012389019        63.849499024119879        67.789107809003355        69.607273279476615        69.229932933482985        66.377886154685697        60.238751636092545        48.192978675964000        40.348204839332574        34.071801959884198        28.523207063777456        23.374846661060992        18.473170337847513        13.733347998017470        9.1006792939824983        4.5343713999221791        0.0000000000000000     
   0.0000000000000000        16.459530760908294        29.994816866352089        40.712228182482995        48.964712991256405        54.989906197035864        58.912732254488532        60.774277689326702        60.541174664102911        58.098131449283059        53.269694066154742        46.169112767214401        39.637778965070922        33.776972039463956        28.385784021355516        23.306282859187434        18.437764828711842        13.714922657144379        9.0914213124678120        4.5305121921983478        0.0000000000000000     
   0.0000000000000000        13.148381057194236        24.873203882040073        34.691221356393235        42.509106501277536        48.342675370643917        52.223442594330422        54.174433227000762        54.210133254923370        52.357173390230017        48.728026454893033        43.729266296822324        38.404345066089945        33.150671019966644        28.062062228417645        23.136292136638218        18.347726205902820        13.667459273790351        9.0674158382383752        4.5204740770488048        0.0000000000000000     
   0.0000000000000000        11.285143235071484        21.706498859465263        30.741004549204362        38.129276231096270        43.758241061678163        47.589734819090594        49.628382061577810        49.915528434988566        48.545804906874018        45.711218136565016        41.768847861232096        37.247182860288603        32.497452578636221        27.700889863204658        22.938653483340623        18.240431345720154        13.610075190644192        9.0381534297406123        4.5081863026507385        0.0000000000000000     
   0.0000000000000000        10.310046674188062        19.974746385390205        28.507679443110121        35.600212761441611        41.081272703563670        44.874678859467032        46.972334464861447        47.425570221183825        46.352702179047881        43.957439401844162        40.540991121670160        36.465604820954312        32.029214411289828        27.430779296693938        22.786556824014419        18.156313269160570        13.564559513889900        9.0147811301037386        4.4983357300099875        0.0000000000000000     
   0.0000000000000000        10.004650726915099        19.422863178766072        27.785411769833221        34.774082617448450        40.201953009633741        43.981178751370379        46.099209417209416        46.609492510831245        45.635396700032231        43.380092249091888        40.125339373481339        36.192549776727631        31.861168789458187        27.331844222881841        22.730037483380933        18.124748159438511        13.547371266410998        9.0059205895821250        4.4945935135489439        0.0000000000000000     
   0.0000000000000000        10.310046705130024        19.974746446498067        28.507679532855420        35.600212877585555        41.081272843215885        44.874679019159473        46.972334640635530        47.425570408690042        46.352702373654296        43.957439598751023        40.540991316028993        36.465605007987264        32.029214586406766        27.430779455604203        22.786556962831320        18.156313384495405        13.564559602933116        9.0147811906916377        4.4983357606744292        0.0000000000000000     
   0.0000000000000000        11.285143297330647        21.706498982418260        30.741004729772492        38.129276464773596        43.758241342649143        47.589735140377584        49.628382415217359        49.915528812230107        48.545805298398676        45.711218532716657        41.768848252256106        37.247183236572596        32.497452930944874        27.700890182905720        22.938653762614265        18.240431577748687        13.610075369775885        9.0381535516241609        4.5081863643358844        0.0000000000000000     
   0.0000000000000000        13.148381152066253        24.873204069383284        34.691221631507226        42.509106857293474        48.342675798701450        52.223443083800369        54.174433765752170        54.210133829626599        52.357173986688906        48.728027058397537        43.729266892512371        38.404345639321207        33.150671556669558        28.062062715440547        23.136292562067631        18.347726559351848        13.667459546649926        9.0674160238838546        4.5204741709960086        0.0000000000000000     
   0.0000000000000000        16.459530893178727        29.994817127487273        40.712228565909726        48.964713487398654        54.989906793548215        58.912732936563167        60.774278440062353        60.541175464927733        58.098132280417204        53.269694907101268        46.169113597266765        39.637779763822294        33.776972787307784        28.385784699963775        23.306283451956688        18.437765321165941        13.714923037285709        9.0914215710701285        4.5305123230365467        0.0000000000000000     
   0.0000000000000000        22.719278948822385        37.982407605379365        49.268819725249351        57.739071701151389        63.849499852168648        67.789108755792995        69.607274321554257        69.229934045074643        66.377887308339083        60.238752803358608        48.192979828101244        40.348205948014098        34.071802997892547        28.523208005667975        23.374847483781171        18.473171021295428        13.733348525530463        9.1006796527488270        4.5343715813303751        0.0000000000000000     
