   0.0000000000000000        21.512633417343650        35.599959724212937        45.771385574430269        53.215731948203938        58.415116168862085        61.581154546382933        62.782091211026994        61.958541417733855        58.841481451430404        52.624034843201621        40.687448076618253        33.135539358855453        27.327449344282080        22.410274521112697        18.040374502043530        14.044851989962584        10.316743824312995        6.7769577972878956        3.3586001399272813        0.0000000000000000     
   0.0000000000000000        15.252885405347911        27.612369332268091        37.214794541082760        44.441373897258117        49.555523305717216        52.704778950343453        53.949095574813249        53.269783098801440        50.561726694146692        45.654977220300594        38.663582115127255        32.425113433405308        27.032619375547760        22.272851434524810        17.971810661338097        14.009446448388832        10.298318458292879        6.7676997986197538        3.3547409235215500        0.0000000000000000     
   0.0000000000000000        11.941735699444685        22.490756343604243        31.193787708526212        37.985767398774641        42.908292468898011        46.015489277992444        47.349251098735436        46.938741674570366        44.820768619055414        41.113309592379011        36.223735627864272        31.191679517788494        26.406318340117412        21.949129626828906        17.801819925663121        13.919407814508137        10.250855066288155        6.7436943184540903        3.3447028053541517        0.0000000000000000     
   0.0000000000000000        10.078497876020197        19.324051318428804        27.243570897446460        33.605937123433378        38.323858153543014        41.381781495200599        42.803199924697871        42.644136845097478        41.009400125420122        38.096501263256116        34.263317181229617        30.034517300993528        25.753099888167785        21.587957251705955        17.604181263494517        13.812112946802436        10.193470977238395        6.7144319058913897        3.3324150288840557        0.0000000000000000     
   0.0000000000000000        9.1034013133790097        17.592298840854561        25.010245786147102        31.076873646927012        35.646889787018424        38.666725525731962        40.147152316864300        40.154178619109814        38.816297384596851        36.342722515018394        33.035460427964196        29.252939248132556        25.284861707853800        21.317846673173364        17.452084593467660        13.727994861210373        10.147955293421832        6.6910596014044490        3.3225644537746963        0.0000000000000000     
   0.0000000000000000        8.7980053639305211        17.040415629907507        24.287978106458322        30.250743494525409        34.767570082814004        37.773225405667695        39.274027255770385        39.338100894108095        38.098991890038732        35.765375346189046        32.619808663559652        28.979884187975447        25.116816070816292        21.218911585318743        17.395565240376524        13.696429741001932        10.130767037761956        6.6821990552735118        3.3188222344613756        0.0000000000000000     
   0.0000000000000000        9.1034013399266058        17.592298893231018        25.010245862942966        31.076873746091451        35.646889905926344        38.666725661266099        40.147152465509649        40.154178777056529        38.816297547847697        36.342722679497342        33.035460589621792        29.252939403045612        25.284861852316737        21.317846803779013        17.452084707177676        13.727994955413442        10.147955365980405        6.6910596506902307        3.3225644786923545        0.0000000000000000     
   0.0000000000000000        10.078497930256578        19.324051425429076        27.243571054327678        33.605937326004351        38.323858396440876        41.381781772058204        42.803200228335371        42.644137167732957        41.009400458889047        38.096501599232624        34.263317511441912        30.034517617427845        25.753100183254507        21.587957518485190        17.604181495759363        13.812113139218630        10.193471125440219        6.7144320065545697        3.3324150797748437        0.0000000000000000     
   0.0000000000000000        11.941735783549390        22.490756509515030        31.193787951762666        37.985767712835056        42.908292845467912        46.015489707201866        47.349251569455461        46.938742174738152        44.820769136014505        41.113310113222795        36.223736139769834        31.191680008332099        26.406318797563703        21.949130040387502        17.801820285710697        13.919408112774484        10.250855296005930        6.7436944744739442        3.3447028842235573        0.0000000000000000     
   0.0000000000000000        15.252885522341625        27.612369563008176        37.214794879317594        44.441374333942989        49.555523829293961        52.704779547092947        53.949096229265621        53.269783794188072        50.561727412873012        45.654977944423294        38.663582826818853        32.425114115392979        27.032620011514439        22.272852009466945        17.971811161874143        14.009446863017921        10.298318777605342        6.7677000154613367        3.3547410331132195        0.0000000000000000     
   0.0000000000000000        21.512633570080290        35.599960025282599        45.771386015654159        53.215732517789583        58.415116851743349        61.581155324674128        62.782092064558370        61.958542324639673        58.841482388766750        52.624035787568801        40.687449004766634        33.135540248257797        27.327450173656857        22.410275270889869        18.040375154766828        14.044852530626990        10.316744240639839        6.7769580799437374        3.3586002827035282        0.0000000000000000     
