   0.0000000000000000        23.084758592160007        38.704324929828573        50.329317635149060        59.111925600471501        65.500774305735945        69.678005936913607        71.687152095794886        71.449467299242272        68.682342671473890        62.571344302327887        50.496271320005050        42.565525388377452        36.148633720726082        30.408523166049015        25.022355581666183        19.842442907208167        14.790799394875396        9.8203831710809659        4.8986873526415202        0.0000000000000000     
   0.0000000000000000        16.825010582615121        30.716734542775733        41.772726609086988        50.337567559121567        56.641181454373438        60.801630354669669        62.854156475161098        62.760708997384782        60.402587932408196        55.602286698374499        48.472405377724698        41.855099481891422        35.853803770173087        30.271100096317340        24.953791755965419        19.807037378301178        14.772374038760995        9.8111251792186316        4.8948281397033924        0.0000000000000000     
   0.0000000000000000        13.513860880219145        25.595121561078336        35.751719786851091        43.881961074147583        49.993950634022696        54.112340701448353        56.254312020505083        56.429667596426789        54.661629881930622        51.060619095834198        46.032558915984993        40.621665591278031        35.227502758547367        29.947378310554143        24.783801039709015        19.716998760739429        14.724910659471568        9.7871197077641376        4.8847900259640245        0.0000000000000000     
   0.0000000000000000        11.650623061234967        22.428416544706337        31.801502988780520        39.502130815781186        45.409516339283876        49.478632942504291        51.708260873052360        52.135062795699866        50.850261418551824        48.043810797762696        44.072140500431878        39.464503404798855        34.574284335344103        29.586205961821086        24.586162400831356        19.609703912554728        14.667526585599308        9.7578573055825188        4.8725022547648837        0.0000000000000000     
   0.0000000000000000        10.675526503733908        20.696664077314587        29.568177892509610        36.973067358853228        42.732547996492244        46.763577000429152        49.052213295684311        49.645104602572488        48.657158712227044        46.290032084839993        42.844283782428093        38.682925386249806        34.106046187493995        29.316095413032073        24.434065757009542        19.525585848893648        14.622010918813764        9.7344850127341189        4.8626516855616257        0.0000000000000000     
   0.0000000000000000        10.370130559821884        20.144780877331488        28.845910228993858        36.146937227506058        41.853228317788108        45.870076909769864        48.179088267258152        48.829026912766551        47.939853254576668        45.712684953747797        42.428632055660678        38.409870362676223        33.938000585034715        29.217160356829027        24.377546431781838        19.494020751988028        14.604822681240304        9.7256244789579078        4.8589094725162418        0.0000000000000000     
   0.0000000000000000        10.675526541399195        20.696664151707342        29.568178001781391        36.973067500294725        42.732548166602569        46.763577195003649        49.052213509918474        49.645104831180632        48.657158949573187        46.290032325076282        42.844284019639126        38.682925614598176        34.106046401364146        29.316095607168194        24.434065926644781        19.525585989867114        14.622011027672254        9.7344850868158037        4.8626517230589092        0.0000000000000000     
   0.0000000000000000        11.650623136985306        22.428416694317029        31.801503208530903        39.502131100221114        45.409516681372850        49.478633333786647        51.708261303866763        52.135063255417833        50.850261895839573        48.043811280861036        44.072140977445201        39.464503863988696        34.574284765417460        29.586206352208691        24.586162741947213        19.609704196031551        14.667526804493615        9.7578574545434940        4.8725023301612733        0.0000000000000000     
   0.0000000000000000        13.513860994857691        25.595121787481474        35.751720119378973        43.881961504549409        49.993951151644538        54.112341293496691        56.254312672362879        56.429668292012863        54.661630604097340        51.060619826789235        46.032559637729761        40.621666286051145        35.227503409261601        29.947378901216531        24.783801555814627        19.716999189627771        14.724910990637886        9.7871199331169159        4.8847901400191240        0.0000000000000000     
   0.0000000000000000        16.825010737260936        30.716734848146302        41.772727057556196        50.337568139557462        56.641182152409392        60.801631153056405        62.854157354189404        62.760709935372034        60.402588906232097        55.602287684043219        48.472406350968001        41.855100418757914        35.853804647619960        30.271100892777241        24.953792451876787        19.807037956589838        14.772374485261683        9.8111254830260570        4.8948282934435348        0.0000000000000000     
   0.0000000000000000        23.084758787501755        38.704325315413769        50.329318201326572        59.111926333191043        65.500775186868765        69.678006944692271        71.687153205346320        71.449468483200633        68.682343900656093        62.571345546451951        50.496272548436430        42.565526570883890        36.148634828220708        30.408524171306471        25.022356459991776        19.842443637045932        14.790799958340639        9.8203835544084566        4.8986875465490218        0.0000000000000000     
