   0.0000000000000000        18.914892852211672        30.488809906045965        38.311374695428491        43.643706657048007        47.029089874447713        48.726776349688791        48.837675093726553        47.319671682505110        43.906175115815472        37.779321930274534        26.298042007248227        19.535033631643607        14.812218667776463        11.236004562986306        8.4209185375299604        6.1529349036301841        4.2859183276245734        2.7041719213735202        1.3067597928570480        0.0000000000000000     
   0.0000000000000000        12.655149369869379        22.501228400931847        29.754796571534783        34.869365061520391        38.169516421686509        39.850422446863575        40.004702716189669        38.630937460859691        35.626444591001146        30.810288022832161        24.274198664306283        18.824628733623005        14.517407732426671        11.098598202490521        8.3523688844784516        6.1175408503806370        4.2675016458196655        2.6949197397518896        1.3029034922570242        0.0000000000000000     
   0.0000000000000000        9.3440115337218703        17.379638700146458        23.733823569002745        28.413801687102790        31.522336455363956        33.161189631189878        33.404919204015016        32.299959203638949        29.885550042879515        26.268682572467988        21.834411484756409        17.591249959514656        13.891156614746475        10.774920265945521        8.1824153655170537        6.0275323550570308        4.2200610377191978        2.6709295220025489        1.2928730246204649        0.0000000000000000     
   0.0000000000000000        7.4807883837043239        14.212962463537615        19.783648578890407        24.034024722390537        26.937965027332503        28.527552136579367        28.858943396404698        28.005432465066292        26.074260086142637        23.251951113055036        19.874066360935672        16.434155915842830        13.237999878576975        10.413802131708994        7.9848227175527811        5.9202747506965707        4.1627051190087920        2.6416859802506623        1.2805947074878321        0.0000000000000000     
   0.0000000000000000        6.5057036906763930        12.481233273590803        17.550357297328176        21.505004369726144        24.261047531259514        25.812553024036838        26.202956753117551        25.515537407200597        23.881220873904418        21.498234544484866        18.646268917932836        15.652633007378153        12.769811619100018        10.143735427446025        7.8327632672080583        5.8361868062973912        4.1172122212321671        2.6183289396784506        1.2707517836775057        0.0000000000000000     
   0.0000000000000000        6.2003122705254956        11.929358948817519        16.828102526273611        20.678890671953440        23.381747236900907        24.919074597123878        25.329854951311113        24.699483780919188        23.163939614152760        20.920911094354384        18.230639776133494        15.379598979353142        12.601785020554759        10.044817070902733        7.7762581067785579        5.8046331788841377        4.1000326534217706        2.6094742131437343        1.2670124814673511        0.0000000000000000     
   0.0000000000000000        6.5057037027115925        12.481233297172597        17.550357331514121        21.505004413182668        24.261047582345277        25.812553080900834        26.202956813803219        25.515537469748338        23.881220936444450        21.498234605313986        18.646268975570607        15.652633060599559        12.769811666945071        10.143735469208215        7.8327633024055441        5.8361868346325538        4.1172122425449906        2.6183289538999874        1.2707517907886341        0.0000000000000000     
   0.0000000000000000        7.4807884089489622        14.212962512998963        19.783648650589363        24.034024813528930        26.937965134468282        28.527552255831001        28.858943523669499        28.005432596235181        26.074260217294754        23.251951240618929        19.874066481806821        16.434156027452246        13.237999978911262        10.413802219286378        7.9848227913627436        5.9202748101147593        4.1627051636996804        2.6416860100702908        1.2805947223975216        0.0000000000000000     
   0.0000000000000000        9.3440115744472010        17.379638779927582        23.733823684640328        28.413801834082058        31.522336628134347        33.161189823493388        33.404919409237039        32.299959415154348        29.885550254366628        26.268682778168191        21.834411679663653        17.591250139486316        13.891156776535883        10.774920407162792        8.1824154845320436        6.0275324508624326        4.2200611097738250        2.6709295700755065        1.2928730486535018        0.0000000000000000     
   0.0000000000000000        12.655149429269631        22.501228517260316        29.754796740112745        34.869365275764899        38.169516673509847        39.850422727147659        40.004703015296556        38.630937769135322        35.626444899233277        30.810288322628935        24.274198948371726        18.824628995919547        14.517407968221988        11.098598408300685        8.3523690579262944        6.1175409899965274        4.2675017508136044        2.6949198097883795        1.3029035272594789        0.0000000000000000     
   0.0000000000000000        18.914892933564140        30.488810065243538        38.311374926055578        43.643706950105894        47.029090218882025        48.726776733034839        48.837675502807251        47.319672104120215        43.906175537367659        37.779322340287592        26.298042395744726        19.535033990366166        14.812218990252550        11.236004844449834        8.4209187747277987        6.1529350945490631        4.2859184711798406        2.7041720171029269        1.3067598406642245        0.0000000000000000     
