   0.0000000000000000        22.841521973631981        38.223862925454952        49.623502531239168        58.198194319666086        64.401693433529317        68.420709452243500        70.302666297130926        69.971940228606513        67.148197657198409        61.018379013264763        48.962724915169183        41.089136942026649        34.765715107559487        29.153069025005308        23.925211874240127        18.930553993005837        14.086551517246333        9.3410598385430816        4.6560493799515692        0.0000000000000000     
   0.0000000000000000        16.581773970801429        30.236272551628851        41.066911524576902        49.423836303401515        55.542100612311181        59.544333904451562        61.469670714400138        61.283181967163088        58.868442960057337        54.049321451711648        46.938859014720975        40.378711075777055        34.470885194661705        29.015645989427213        23.856648078358781        18.895148488858709        14.068126180231602        9.3318018596594285        4.6521901735654207        0.0000000000000000     
   0.0000000000000000        13.270624272539219        25.114659578083543        35.045904714299382        42.968229833888486        48.894869810534757        52.855044272452432        54.869826283084862        54.952140591083122        53.127484935378689        49.507653875253382        44.499012578704075        39.145277209896477        33.844584206174012        28.691924224643387        23.686657380413781        18.805109886497576        14.020662812666140        9.3077963961728543        4.6421520638528007        0.0000000000000000     
   0.0000000000000000        11.407386455455242        21.947954565458978        31.095687921723631        38.588399582621435        44.310435524317711        48.221336523236118        50.323775146319839        50.657535801736188        49.316116483787894        46.490845589085978        42.538594174878085        37.988115034680469        33.191365793496146        28.330751885443984        23.489018749849389        18.697815045207818        13.963278744107994        9.2785339976011869        4.6298642944780362        0.0000000000000000     
   0.0000000000000000        10.432289898265601        20.216202098678892        28.862362826344235        36.059336126836925        41.633467182887145        45.506280582700477        47.667727570626710        48.167577610373201        47.123013779270764        44.737066877967756        41.310737458631365        37.206537017799342        32.723127647186999        28.060641338035300        23.336922107218456        18.613696982524754        13.917763078069575        9.2551617052565529        4.6200137255280458        0.0000000000000000     
   0.0000000000000000        10.126893953845602        19.664318897689711        28.140095161344892        35.233205993560148        40.754147501849417        44.612780489355615        46.794602539224428        47.351499917369964        46.405708318277732        44.159719743468607        40.895085728476374        36.933481990942553        32.555082041632474        27.961706279005170        23.280402779506275        18.582131883543777        13.900574838886314        9.2463011703808675        4.6162715119248041        0.0000000000000000     
   0.0000000000000000        10.432289934920536        20.216202171070680        28.862362932665256        36.059336264440255        41.633467348355659        45.506280771932879        47.667727778940503        48.167577832620928        47.123014009967001        44.737067111425645        41.310737689102368        37.206537239614974        32.723127854898266        28.060641526545968        23.336922271909884        18.613697119368311        13.917763183724556        9.2551617771501657        4.6200137619151178        0.0000000000000000     
   0.0000000000000000        11.407386530835646        21.947954714326748        31.095688140357289        38.588399865576207        44.310435864566479        48.221336912346146        50.323775574663408        50.657536258728769        49.316116958151177        46.490846069126491        42.538594648775472        37.988115490779151        33.191366220591476        28.330752273056607        23.489019088481705        18.697815326575949        13.963278961343349        9.2785341454159038        4.6298643692880823        0.0000000000000000     
   0.0000000000000000        13.270624390639647        25.114659811300601        35.045905056791256        42.968230277121606        48.894870343501523        52.855044881945673        54.869826954025314        54.952141306893552        53.127485678393953        49.507654627157905        44.499013320983529        39.145277924293822        33.844584875137912        28.691924831758662        23.686657910802658        18.805110327183666        14.020663152891665        9.3077966276603856        4.6421521810012081        0.0000000000000000     
   0.0000000000000000        16.581774137223789        30.236272880210542        41.066912007063436        49.423836927767233        55.542101363053128        59.544334762970408        61.469671659459479        61.283182975415571        58.868444006622880        54.049322510792763        46.938860060239556        40.378712082017017        34.470886136899878        29.015646844539638        23.856648825386571        18.895149109521064        14.068126659374286        9.3318021856291651        4.6521903384987819        0.0000000000000000     
   0.0000000000000000        22.841522194169386        38.223863360685925        49.623503170205773        58.198195146450260        64.401694427613720        68.420710589008834        70.302667548465124        69.971941563600154        67.148199042911287        61.018380415541074        48.962726299480138        41.089138274321598        34.765716355101674        29.153070157173438        23.925212863278126        18.930554814701356        14.086552151525414        9.3410602699715923        4.6560495981467946        0.0000000000000000     
