   0.0000000000000000        22.651781497343457        37.849089920256411        49.072993472180315        57.485598609781007        63.544668102650370        67.440473558382877        69.223467062204890        68.820445168048678        65.952828730669310        59.808606092980583        47.768336623636145        39.939507157683792        33.689083199308342        28.175851194384837        23.071359907555809        18.220976311928730        13.538609724178031        8.9681520395424776        4.4672894857065142        0.0000000000000000     
   0.0000000000000000        16.392033484821347        29.861499527321463        40.516402437470546        48.711240557222311        54.685075237783792        58.564097960662579        60.390471424493143        60.131686847923845        57.673073972590466        52.839548469732826        45.744470662255765        39.229081232765537        33.394253231451088        28.038428108911202        23.002796068073089        18.185570771549493        13.520184359193408        8.9588940416386009        4.4634302697097787        0.0000000000000000     
   0.0000000000000000        13.080883779534666        24.739886539911311        34.495395606834911        42.255634061360311        48.037844404315180        51.874808292406343        53.790626953245891        53.800645429218449        51.932115903640280        48.297880848446397        43.304624181957948        37.995647324242228        32.767952203010815        27.714706307851102        22.832805338423764        18.095532142838824        13.472720971283174        8.9348885643117235        4.4533921529964662        0.0000000000000000     
   0.0000000000000000        11.217645957743635        21.573181517991941        30.545178800607417        37.875803792420257        43.453410096837082        47.241100518861181        49.244575789680241        49.506040611255536        48.120747422320846        45.281072532168565        41.344205748381029        36.838485120368624        32.114733763476551        27.353533944260874        22.635166686538014        17.988237283825235        13.415336889037306        8.9056261564257273        4.4411043789082285        0.0000000000000000     
   0.0000000000000000        10.242549397496370        19.841429045172518        28.311853696355438        35.346740325146520        40.776441741580420        44.526044562499123        46.588528196545894        47.016082401262757        45.927644698441298        43.527293801430673        40.116349012740422        36.056907084798453        31.646495599645942        27.083423380933315        22.483070029986862        17.904119209567192        13.369821214057282        8.8822538579948720        4.4312538068775043        0.0000000000000000     
   0.0000000000000000        9.9371534508698183        19.289545839824221        27.589586024950414        34.520610183572494        39.897122050554529        43.632544457716861        45.715403152534321        46.200004694784781        45.210339223437074        42.949946652727249        39.700697268537986        35.783852044398373        31.478449981388806        26.984488310357758        22.426550692175141        17.872554102185553        13.352632968382792        8.8733933186997831        4.4275115910368346        0.0000000000000000     
   0.0000000000000000        10.242549429732122        19.841429108833978        28.311853789847337        35.346740446132507        40.776441887045067        44.526044728825383        46.588528379606380        47.016082596523901        45.927644901076569        43.527294006441096        40.116349215077967        36.056907279490574        31.646495781917260        27.083423546321647        22.483070174451552        17.904119329586429        13.369821306712049        8.8822539210376519        4.4312538387836167        0.0000000000000000     
   0.0000000000000000        11.217646022570646        21.573181646013282        30.545178988611752        37.875804035707915        43.453410389343993        47.241100853313988        49.244576157780031        49.506041003886466        48.120747829778239        45.281072944400549        41.344206155237160        36.838485511850152        32.114734129980633        27.353534276814919        22.635166977017015        17.988237525147483        13.415337075333950        8.9056262831794939        4.4411044430567879        0.0000000000000000     
   0.0000000000000000        13.080883877633871        24.739886733625742        34.495395891296035        42.255634429453671        48.037844846865639        51.874808798410491        53.790627510148994        53.800646023230215        51.932116520079376        48.297881472105580        43.304624797480997        37.995647916501639        32.767952757478135        27.714706810951206        22.832805777863619        18.095532507904196        13.472721253096282        8.9348887560428185        4.4533922500225991        0.0000000000000000     
   0.0000000000000000        16.392033617143063        29.861499788571130        40.516402821063551        48.711241053560798        54.685075834497226        58.564098642916917        60.390472175363669        60.131687648819394        57.673074803717427        52.839549310588993        45.744471492136519        39.229082031274380        33.394253978999103        28.038428787193958        23.002796660514282        18.185571263701732        13.520184739087098        8.9588943000712398        4.4634304004688161        0.0000000000000000     
   0.0000000000000000        22.651781664407110        37.849090249957655        49.072993956187787        57.485599235987863        63.544668855456024        67.440474419079507        69.223468009445583        68.820446178383719        65.952829779131534        59.808607153707015        47.768337670508529        39.939508164971635        33.689084142298796        28.175852049984289        23.071360654849983        18.220976932687755        13.538610203297591        8.9681523654133155        4.4672896505163227        0.0000000000000000     
