   0.0000000000000000        23.196436827960213        38.924927125767780        50.653403465481226        59.531503470577519        66.005499262759571        70.255435725363512        72.323054923189574        72.128173597240306        69.387132061351991        63.284858126150482        51.200940499441195        43.244003033713284        36.784221837799599        30.985582996323277        25.526691551661983        20.261650843470811        15.114570559876736        10.040756770032814        5.0102454236436991        0.0000000000000000     
   0.0000000000000000        16.936688828912864        30.937336759416823        42.096812469807773        50.757145468552523        57.145906458690064        61.379060197216319        63.490059362124939        63.439415358958243        61.107377388302766        56.315800589028939        49.177074623162760        42.533577190773826        36.489391946772784        30.848159980631060        25.458127773182916        20.226245353804551        15.096145234055831        10.031498798772724        5.0063862211176202        0.0000000000000000     
   0.0000000000000000        13.625539132373877        25.815723789278437        36.075805664542543        44.301539005541386        50.498675664753719        54.689770574211408        56.890214940744400        57.108373993516366        55.366419374708165        51.774133023830373        46.737228198304180        41.300143335672445        35.863090968415136        30.524438225071641        25.288137083321217        20.136206758177707        15.048681871701261        10.007493338837747        4.9963481132043324        0.0000000000000000     
   0.0000000000000000        11.762301315685971        22.649018777439220        32.125588873127604        39.921708755789183        45.914241380376609        50.056062827122730        52.344163806350295        52.813769206730996        51.555050925811507        48.757324740425545        44.776809797240901        40.142981163149273        35.209872558289106        30.163265888214109        25.090498454823489        20.028911918620324        14.991297804490367        9.9782309411877623        4.9840603442976086        0.0000000000000000     
   0.0000000000000000        10.787204758293848        20.917266310262058        29.892263777171543        37.392645299269418        43.237273038077916        47.341006885615144        49.688116229612135        50.323811014281823        49.361948220197547        47.003546028229295        43.548953079961436        39.361403145303782        34.741634411103703        29.893155340032969        24.938401811535954        19.944793855404988        14.945782138049585        9.9548586485737651        4.9742097752126631        0.0000000000000000     
   0.0000000000000000        10.481808813500368        20.365383108537891        29.169996111098762        36.566515164613676        42.357953355396987        46.447506790410650        48.814991196186355        49.507733319146418        48.644642757020243        46.426198891549319        43.133301347683066        39.088348116431114        34.573588803686647        29.794220279333864        24.881882482382842        19.913228755239196        14.928593897959587        9.9459981130851922        4.9704675613005378        0.0000000000000000     
   0.0000000000000000        10.787204794198303        20.917266381176834        29.892263881335367        37.392645434101638        43.237273200244189        47.341007071110241        49.688116433858994        50.323811232243912        49.361948446503192        47.003546257303654        43.548953306163881        39.361403363066742        34.741634615070282        29.893155525187936        24.938401973329839        19.944793989865989        14.945782241881078        9.9548587192348723        4.9742098109785378        0.0000000000000000     
   0.0000000000000000        11.762301389901658        22.649018924017469        32.125589088423880        39.921709034467426        45.914241715544961        50.056063210503893        52.344164228484615        52.813769657209832        51.555051393532914        48.757325213868057        44.776810264746793        40.142981613211532        35.209872979835495        30.163266270879252        25.090498789204243        20.028912196507466        14.991298019071383        9.9782310872134268        4.9840604182075667        0.0000000000000000     
   0.0000000000000000        13.625539250090169        25.815724021753894        36.075806005985157        44.301539447484707        50.498676196268327        54.689771182172251        56.890215610152779        57.108374707867739        55.366420116398693        51.774133774590098        46.737228939646982        41.300144049351061        35.863091636870614        30.524438831865968        25.288137613541828        20.136207198806026        15.048682211934931        10.007493570357896        4.9963482303777775        0.0000000000000000     
   0.0000000000000000        16.936688998388782        30.937337094053397        42.096812961244353        50.757146104599713        57.145907223621194        61.379061072147024        63.490060325473493        63.439416386976283        61.107378455658534        56.315801669431323        49.177075690008735        42.533578217803424        36.489392908715786        30.848160853828972        25.458128536172303        20.226245987847363        15.096145723605074        10.031499131862457        5.0063863896666962        0.0000000000000000     
   0.0000000000000000        23.196437059113507        38.924927581996144        50.653404135363687        59.531504337507073        66.005500305312012        70.255436917809249        72.323056236122198        72.128174998297425        69.387133516012767        63.284859598584980        51.200941953393261        43.244004433393144        36.784223148765093        30.985584186327266        25.526692591447443        20.261651707492938        15.114571226937997        10.040757223820211        5.0102456531706068        0.0000000000000000     
