   0.0000000000000000        19.590754146693293        31.814988499485143        40.238313579439179        46.100765096825569        49.928619686743716        51.969001535334868        52.315974309219499        50.925846507592368        47.535311164508357        41.333910367269347        29.691118050171454        22.692195643384053        17.672504765012853        13.751711755212177        10.556542123834536        7.8834753479673516        5.5948440895672000        3.5813376966362949        1.7465610775312375        0.0000000000000000     
   0.0000000000000000        13.331006608871823        23.827399039606597        31.681723904286983        37.326408784642361        41.069028885901808        43.092628259461918        43.482981179798941        42.237090808424725        39.255559066865622        34.364855373978237        27.667254623677373        21.981772100613561        17.377676976756728        13.614290605193206        10.487979942108190        7.8480711615937979        5.5764197554943831        3.5720803930400304        1.7427022107453340        0.0000000000000000     
   0.0000000000000000        10.019858158995902        18.705788520036180        25.660720670210839        30.870806893973668        34.421803515891781        36.403344739650265        36.883143353888926        35.906056337281207        33.514608054283570        29.823194732616500        25.227414875421140        20.748344522747274        16.751381744558937        13.290573954411139        10.317993626389420        7.7580361399250322        5.5289591150767157        3.5480767666814836        1.7326650251431746        0.0000000000000000     
   0.0000000000000000        8.1566218906711399        15.539086551902905        21.710508314589717        26.490982323977679        29.837375969756241        31.769644575554409        32.337100415236030        31.611460118879926        29.703248307856104        26.806395057292931        23.267004776620624        19.591190157371233        16.098170482424376        12.929407968847425        10.120360441055958        7.6507457484422741        5.4715784359406996        3.5188166515363832        1.7203784044191457        0.0000000000000000     
   0.0000000000000000        7.1815265852941943        13.807336545864477        19.477186805371041        23.961923459977235        27.160413075735072        29.054594765210915        29.681059464912416        29.121508853920346        27.510152637901498        25.052623304195272        22.039154770951406        18.809618450638201        15.629938113284730        12.659302554516010        9.9682681974118417        7.5666312804414826        5.4260655078849789        3.4954462037019640        1.7105287633126367        0.0000000000000000     
   0.0000000000000000        6.8761311122799516        13.255454271429151        18.754920490421860        23.135795054861035        26.281095444173626        28.161096977266951        28.807936923932949        28.305433763083983        26.792849818137938        24.475278780523624        21.623505557101026        18.536565788328055        15.461894671098705        12.560369416414648        9.9117505149226464        7.5350675251584009        5.4088782917134832        3.4865863577764755        1.7067868962010733        0.0000000000000000     
   0.0000000000000000        7.1815265992136865        13.807336573201884        19.477186845153998        23.961923510818664        27.160413135908598        29.054594832740605        29.681059537669849        29.121508929722044        27.510152714600338        25.052623379760092        22.039154843529865        18.809618518600637        15.629938175248320        12.659302609350139        9.9682682442273887        7.5666313185684384        5.4260655368427875        3.4954462231675727        1.7105287730908370        0.0000000000000000     
   0.0000000000000000        8.1566219191019940        15.539086607737433        21.710508395839717        26.490982427809136        29.837376092643382        31.769644713462437        32.337100563818552        31.611460273678219        29.703248464485824        26.806395211606215        23.267004924834829        19.591190296158473        16.098170608960608        12.929408080823659        10.120360536656293        7.6507458262983707        5.4715784950713662        3.5188166912826722        1.7203784243840539        0.0000000000000000     
   0.0000000000000000        10.019858203067770        18.705788606577840        25.660720796134264        30.870807054884295        34.421803706325960        36.403344953356310        36.883143584132590        35.906056577154516        33.514608296993025        29.823194971735212        25.227415105087786        20.748344737805013        16.751381940631603        13.290574127920173        10.317993774520598        7.7580362605575388        5.5289592066902618        3.5480768282567299        1.7326650560695676        0.0000000000000000     
   0.0000000000000000        13.331006670149380        23.827399159902384        31.681724079295364        37.326409008253975        41.069029150525878        43.092628556413715        43.482981499723536        42.237091141725116        39.255559404103835        34.364855706225029        27.667254942788770        21.981772399424358        17.377677249185972        13.614290846267803        10.487980147916563        7.8480713291878743        5.5764198827609519        3.5720804785647027        1.7427022536892833        0.0000000000000000     
   0.0000000000000000        19.590754226582227        31.814988656213430        40.238313807383818        46.100765388033437        49.928620031335882        51.969001922007564        52.315974725795542        50.925846941578058        47.535311603616833        41.333910799874978        29.691118465671039        22.692196032447782        17.672505119722334        13.751712069090733        10.556542391786955        7.8834755661520095        5.5948442552290114        3.5813378079316456        1.7465611333786533        0.0000000000000000     
