   0.0000000000000000        23.288032680922942        39.105861428236985        50.919217202239366        59.875646181298649        66.419490847552282        70.729075855392836        72.844674840929898        72.684924043789152        69.965300181670983        63.870205498477063        51.779053928820588        43.800649452690550        37.305698575442456        31.459054810044190        25.940506159645302        20.605625238746619        15.380241115445525        10.221587039033178        5.1017865768968456        0.0000000000000000     
   0.0000000000000000        17.028284677750520        31.118271053759464        42.362626194644015        51.101288163852473        57.559898024943578        61.852700306046522        64.011679256529419        63.996165780610397        61.685545482777727        56.901147935201458        49.755188026721882        43.090223584899711        37.010868661144549        31.321631773232884        25.871942362717828        20.570219733755465        15.361815777799045        10.212329059735527        5.0979273703129886        0.0000000000000000     
   0.0000000000000000        13.717134980519312        25.996658082260836        36.341619387388121        44.645681698271176        50.912667227922057        55.163410679518080        57.411834831274632        57.665124411039457        55.944587464901538        52.359480365674607        47.315341597594767        41.856789725694455        36.384567678947995        30.997910014193515        25.701951669820183        20.480181135610479        15.314352413505016        10.188323598485614        5.0878892617375833        0.0000000000000000     
   0.0000000000000000        11.853897165636802        22.829953073990151        32.391402601218658        40.265851455313168        46.328232951720594        50.529702941785750        52.865783707187532        53.370519635258233        52.133219027435416        49.342672093845472        45.354923207967488        40.699627564185548        35.731349279143181        30.636737686709587        25.504313049517222        20.372886302866995        15.256968351559088        10.159061204421185        5.0756014946470955        0.0000000000000000     
   0.0000000000000000        10.878800611467000        21.098200613178776        30.158077514615385        37.736788010902856        43.651264623989761        47.814647016945628        50.209736148806172        50.880561462403250        49.940116342170825        47.588893402252431        44.127066511037853        39.918049565935490        35.263111150316135        30.366627155197470        25.352216420798978        20.288768251762583        15.211452694472744        10.135688918174832        5.0657509287859188        0.0000000000000000     
   0.0000000000000000        10.573404670482750        20.546317418979257        29.435809859597200        36.910657890559072        42.771944958525367        46.921146941438074        49.336611137072531        50.064483790421164        49.222810903037946        47.011546289916240        43.711414802802842        39.644994560213988        35.095065564587465        30.267692114190261        25.295697108856363        20.257203165902393        15.194264465431583        10.126828390206683        5.0620087186808531        0.0000000000000000     
   0.0000000000000000        10.878800654990508        21.098200699143995        30.158077640889971        37.736788174360996        43.651264820591607        47.814647241837434        50.209736396440455        50.880561726675310        49.940116616568766        47.588893680017478        44.127066785330413        39.918049830003831        35.263111397662627        30.366627379739015        25.352216617016399        20.288768414836849        15.211452820403522        10.135689003877879        5.0657509721664749        0.0000000000000000     
   0.0000000000000000        11.853897253915854        22.829953248349796        32.391402857330363        40.265851786835348        46.328233350459037        50.529703397897023        52.865784209421143        53.370520171233473        52.133219583945717        49.342672657183222        45.354923764261287        40.699628099742242        35.731349780784669        30.636738142097972        25.504313447458738        20.372886633588202        15.256968606947414        10.159061378223511        5.0756015826189902        0.0000000000000000     
   0.0000000000000000        13.717135115903478        25.996658349642303        36.341619780118862        44.645682206622823        50.912667839329458        55.163411378889101        57.411835601360117        57.665125232856951        55.944588318202072        52.359481229440590        47.315342450557566        41.856790546857553        36.384568448104865        30.997910712425384        25.701952279962526        20.480181642676978        15.314352805057652        10.188323864941104        5.0878893965991372        0.0000000000000000     
   0.0000000000000000        17.028284863490981        31.118271420544261        42.362626733332561        51.101288861096656        57.559898863511563        61.852701265242359        64.011680312698786        63.996166907721587        61.685546653061117        56.901149119832780        49.755189196531475        43.090224711091224        37.010869716003654        31.321632730810954        25.871943199471797        20.570220429129339        15.361816314733669        10.212329425093539        5.0979275552071268        0.0000000000000000     
   0.0000000000000000        23.288032920101124        39.105861900381001        50.919217895560401        59.875647078622109        66.419491926710435        70.729077089759713        72.844676200071177        72.684925494209551        69.965301687637677        63.870207022899194        51.779055434161663        43.800650901893135        37.305699932841343        31.459056042244235        25.940507236345773        20.605626133489274        15.380241806271357        10.221587509034350        5.1017868146636900        0.0000000000000000     
