   0.0000000000000000        20.617514270575438        33.834978658660752        43.186119031581939        49.882253848564133        54.425396644367964        57.043824699929715        57.818749153392233        56.699790724737682        53.422894470003186        47.182220494100946        35.356378762220558        28.043257159373283        22.593231507840930        18.142296344767040        14.333868074783252        10.980725540783748        7.9606014684120421        5.1784451863930805        2.5509986313997559        0.0000000000000000     
   0.0000000000000000        14.357766259545762        25.847388268583870        34.629528000850812        41.107895800765760        45.565803784643549        48.167449107309778        48.985753520332452        48.011032408463713        45.143139714706692        40.213162872409612        33.332512801133532        27.332831233571291        22.298401538119691        18.004873256735038        14.265304232391792        10.945319997511751        7.9421761009014462        5.1691871866287435        2.5471394144225767        0.0000000000000000     
   0.0000000000000000        11.046616564365358        20.725775301008369        28.608521199043544        34.652289341677175        38.918572994590036        41.478159487623451        42.385909101217564        41.679991043832942        39.402181700198625        35.671495304465552        30.892666371767113        26.099397372444741        21.672100552620794        17.681151493441224        14.095313534799507        10.855281394774803        7.8947127326358260        5.1451817224673526        2.5371013043117907        0.0000000000000000     
   0.0000000000000000        9.1833787556665456        17.559070304810614        24.658304430266497        30.272459120626884        34.334138743829854        36.844451777774580        37.839858006327724        37.385386297469175        35.590813291374317        32.654687059656041        28.932248006874033        24.942235232921114        21.018882171785016        17.319979181818880        13.897674927300868        10.747986571925127        7.8373286778676299        5.1159193330588355        2.5248135395081466        0.0000000000000000     
   0.0000000000000000        8.2082822045537505        15.827317849914806        22.424979352056976        27.743395686558273        31.657170427753663        34.129395865215145        35.183810460171081        34.895428136159360        33.397710616457935        30.900908376837890        27.704391316931773        24.160657239823735        20.550644046384946        17.049868652246779        13.745578299366738        10.663868520826814        7.7918130203859075        5.0925470463446434        2.5149629733490526        0.0000000000000000     
   0.0000000000000000        7.9028862575554539        15.275434643756515        21.702711679279592        26.917265542885417        30.777850733721401        33.235895756348924        34.310685410866583        34.079350423113411        32.680405133630131        30.323561219174081        27.288739562854175        23.887602188953423        20.382598417463957        16.950933571273765        13.689058951910948        10.632303405034236        7.7746247679704972        5.0836865023395692        2.5112207550865411        0.0000000000000000     
   0.0000000000000000        8.2082822245610991        15.827317889321840        22.424979409677785        27.743395760681583        31.657170516214716        34.129395965482047        35.183810569441178        34.895428251460110        33.397710734746887        30.900908495096854        27.704391432251199        24.160657349473812        20.550644147871935        17.049868743354892        13.745578378185174        10.663868585765353        7.7918130701804262        5.0925470800561019        2.5149629903581427        0.0000000000000000     
   0.0000000000000000        9.1833787964658953        17.559070385166667        24.658304547757982        30.272459271763186        34.334138924196878        36.844451982210366        37.839858229118391        37.385386532554207        35.590813532550882        32.654687300770675        28.932248241994621        24.942235456481626        21.018882378701200        17.319979367572500        13.897675087995987        10.747986704319276        7.8373287793838067        5.1159194017837866        2.5248135741817994        0.0000000000000000     
   0.0000000000000000        11.046616627454409        20.725775425252330        28.608521380690554        34.652289575327586        38.918573273419973        41.478159803654194        42.385909445617557        41.679991407234624        39.402182073014288        35.671495677183486        30.892666735217524        26.099397718023511        21.672100872468000        17.681151780572009        14.095313783190585        10.855281599413289        7.8947128895386101        5.1451818286798208        2.5371013578936159        0.0000000000000000     
   0.0000000000000000        14.357766346999448        25.847388440769379        34.629528252551779        41.107896124497238        45.565804170952845        48.167449545145914        48.985753997462858        48.011032911913034        45.143140231193541        40.213163388757678        33.332513304639619        27.332831712315127        22.298401981211711        18.004873654497352        14.265304576478062        10.945320280975363        7.9421763182233835        5.1691873337193099        2.5471394886090657        0.0000000000000000     
   0.0000000000000000        20.617514384272013        33.834978882381748        43.186119358531798        49.882254269025424        54.425397146071404        57.043825268530000        57.818749773008165        56.699791378522846        53.422895140712384        47.182221164624579        35.356379416062431        28.043257781053853        22.593232083217799        18.142296861270385        14.333868521571311        10.980725908831131        7.9606017505465729        5.1784453773014967        2.5509987276289343        0.0000000000000000     
