   0.0000000000000000        22.237435861255271        37.030780119539273        47.871209295795090        55.930400325536716        61.674900424713485        65.302755264458085        66.870986416054279        66.311596355838063        63.349728162288095        57.175529588972793        45.170119228604264        37.439946694497166        31.349386872136169        26.053161774731421        21.217394532184993        16.680806922375083        12.349609902884756        8.1591306297306261        4.0578270548210718        0.0000000000000000     
   0.0000000000000000        15.977687854585703        29.043189738120795        39.314618277952711        47.156042294749668        52.815307585952169        56.426379696498422        58.037990810991978        57.622838070419185        55.069973440095865        50.206472001899243        43.146253302794406        36.729520803680835        31.054556936093324        25.915738718029949        21.148830717757370        16.645401402752441        12.331184553881570        8.1498726426704113        4.0539678442921554        0.0000000000000000     
   0.0000000000000000        12.666538152975434        23.921576757952288        33.293611457920768        40.700435812564393        46.168076768866236        49.737090046896434        51.438146360182174        51.291796673406395        49.329015393542036        45.664804403151919        40.706406844623928        35.496086916337347        30.428255927381734        25.592016934786301        20.978840003602521        16.555362786863725        12.283721175835179        8.1258671720341038        4.0439297309556714        0.0000000000000000     
   0.0000000000000000        10.803300332961248        20.754871739530628        29.343394656806588        36.320605550204043        41.583642469246222        45.103382282268029        46.892095206347719        46.997191865728709        45.517646922793489        42.647996097462602        38.745988421392454        34.338924722319618        29.775037496986016        25.230844579413031        20.781201358834508        16.448067933719702        12.226337098091902        8.0966047671959647        4.0316419584042968        0.0000000000000000     
   0.0000000000000000        9.8282037731329481        19.023119267530014        27.110069553737667        33.791542084428656        38.906674115744138        42.388326327850542        44.236047615278665        44.507233657853000        43.324544201017467        40.894217368756209        37.518131687661409        33.557346688496864        29.306799334710966        24.960734017428848        20.629104703402938        16.363949860352722        12.180821423774685        8.0732324692029636        4.0217913865908468        0.0000000000000000     
   0.0000000000000000        9.5228078262224454        18.471236061613347        26.387801881480250        32.965411941721392        38.027354423311387        41.494826221401510        43.362922569361416        43.691155949260946        42.607238723730781        40.316870217651783        37.102479940998748        33.284291645644259        29.138753714081272        24.861798944636057        20.572585363603608        16.332384751283023        12.163633176773589        8.0643719289932214        4.0180491702834118        0.0000000000000000     
   0.0000000000000000        9.8282038048065417        19.023119330066145        27.110069645541437        33.791542203169485        38.906674258420800        42.388326490872409        44.236047794560164        44.507233848920201        43.324544399123326        40.894217569000432        37.518131885113434        33.557346878317340        29.306799512268586        24.960734178410991        20.629104843917133        16.363949977016304        12.180821513792019        8.0732325304271235        4.0217914175688652        0.0000000000000000     
   0.0000000000000000        10.803300398081912        20.754871868099485        29.343394845540672        36.320605794310140        41.583642762554319        45.103382617396996        46.892095574899301        46.997192258506502        45.517647330038912        42.647996509102605        38.745988827291484        34.338925112529012        29.775037861985123        25.230844910336053        20.781201647679140        16.448068173532224        12.226337283125824        8.0966048930401548        4.0316420220761575        0.0000000000000000     
   0.0000000000000000        12.666538254953661        23.921576959272144        33.293611753430071        40.700436194754054        46.168077228076271        49.737090571572097        51.438146937177265        51.291797288324446        49.329016031106377        45.664805047593390        40.706407480074631        35.496087527222095        30.428256498794486        25.592017452846157        20.978840455780102        16.555363162271711        12.283721465477978        8.1258673690105887        4.0439298306087972        0.0000000000000000     
   0.0000000000000000        15.977687998186292        29.043190021551862        39.314618693937319        47.156042832713752        52.815308232301241        56.426380434973368        58.037991623093276        57.622838935887188        55.069974337431617        50.206472908908907        43.146254197145453        36.729521663451067        31.054557740301988        25.915739447138520        21.148831354128450        16.645401931059610        12.331184961462437        8.1498729198177386        4.0539679844763654        0.0000000000000000     
   0.0000000000000000        22.237436051293610        37.030780494436456        47.871209845901916        55.930401036877420        61.674901279323578        65.302756240848836        66.870987489772489        66.311597500102138        63.349729348676028        57.175530788143192        45.170120411030901        37.439947831195241        31.349387935364742        26.053162738654585        21.217395373478777        16.680807620768753        12.349610441628499        8.1591309959858958        4.0578272399828403        0.0000000000000000     
