   0.0000000000000000        17.573661038176581        27.866505840685303        34.523966300183432        38.854703184437064        41.438176254454234        42.556448818934825        42.319130815506128        40.679215536046343        37.353281561422222        31.497252025628590        20.437600429553434        14.211699306659362        10.106536867599363        7.1968245135151623        5.0708259134651836        3.4950789002604461        2.3113723893368912        1.3989896533922810       0.65797993751265249        0.0000000000000000     
   0.0000000000000000        11.314050225884628        19.879183444685317        25.967761733599374        30.080832737099541        32.579151041318880        33.680697538345598        33.486792027258858        31.991123182627355        29.074180465774319        24.528817316287000        18.414311797194941        13.501794153696679        9.8121639058169929        7.0597908152191362        5.0025827057660823        3.4599260351746519        2.2931336491396523        1.3898544577457275       0.65418158841227791        0.0000000000000000     
   0.0000000000000000        8.0032597298716475        14.758272111115037        19.947766732686567        23.626502865414189        25.933406410225189        26.993042437429303        26.888667306033746        25.661825393555148        23.334933821739831        19.988780624946820        15.975976906747153        12.269723765980130        9.1870594525783531        6.7370885527032893        4.8334314989847185        3.3705490018503106        2.2461589161427664        1.3661705254478831       0.64430284592147591        0.0000000000000000     
   0.0000000000000000        6.1404659167993492        11.592434384338741        15.998800621789208        19.248250597516041        21.350809158496574        22.361355110626818        22.344741882549677        21.369375834112866        19.525680793109160        16.973988265167819        14.017426917847150        11.114246983538186        8.5353200779681284        6.3771764237252189        4.6368305685533686        3.2640719317421993        2.1893788540591999        1.3373055756039727       0.63221207253048251        0.0000000000000000     
   0.0000000000000000        5.1657285642934845        9.8613835623845034        13.766487343023059        16.720463749172048        18.675326999659099        19.647933715263832        19.690414033031299        18.881161247573957        17.334289488436156        15.221840459318692        12.791081767762945        10.334032465287301        8.0682784866370785        6.1080853969527320        4.4855734334853938        3.1806154519634386        2.1443518334367440        1.3142548218892345       0.62252087457876981        0.0000000000000000     
   0.0000000000000000        4.8604698149129106        9.3097683481619367        13.044606131449232        15.894821202516317        17.796574948622581        18.755057915046578        18.817945825703305        18.065749495366692        16.617637664247873        14.645116214086821        12.376007343562691        10.061498189344086        7.9006898684657134        6.0095397089676847        4.4293747240961245        3.1493030175271199        2.1273502109977773        1.3055170839070809       0.61883952516981766        0.0000000000000000     
   0.0000000000000000        5.1657285713670849        9.8613835761749407        13.766487362847682        16.720463774078457        18.675327028498963        19.647933746777589        19.690414065935620        18.881161280643390        17.334289520573162        15.221840489605114        12.791081795491239        10.334032489969733        8.0682785079948438        6.1080854148881212        4.4855734480417855        3.1806154632782535        2.1443518416928673        1.3142548272697581       0.62252087722902538        0.0000000000000000     
   0.0000000000000000        6.1404659319612982        11.592434413895564        15.998800664276043        19.248250650891102        21.350809220299055        22.361355178158114        22.344741953059870        21.369375904976611        19.525680861974461        16.973988330067492        14.017426977265030        11.114247036429127        8.5353201237346426        6.3771764621579008        4.6368305997450570        3.2640719559872511        2.1893788717495175        1.3373055871320956       0.63221207820841963        0.0000000000000000     
   0.0000000000000000        8.0032597550725253        14.758272160233268        19.947766803282860        23.626502954094647        25.933406512902213        26.993042549620561        26.888667423171970        25.661825511279467        23.334933936143653        19.988780732762343        15.975977005455768        12.269723853845665        9.1870595286081205        6.7370886165491939        4.8334315508006895        3.3705490421250657        2.2461589455271618        1.3661705445944388       0.64430285535020926        0.0000000000000000     
   0.0000000000000000        11.314050263842775        19.879183518640247        25.967761839868594        30.080832870574078        32.579151195849178        33.680697707188713        33.486792203543459        31.991123359792063        29.074180637940906        24.528817478538464        18.414311945741090        13.501794285924801        9.8121640202330980        7.0597909112989967        5.0025827837407562        3.4599260957788127        2.2931336933519630        1.3898544865482665       0.65418160259105118        0.0000000000000000     
   0.0000000000000000        17.573661091688791        27.866505944851767        34.523966449809279        38.854703372336019        41.438176471976703        42.556449056594460        42.319131063634572        40.679215785410634        37.353281803749724        31.497252253999278        20.437600638633214        14.211699492770787        10.106537028639439        7.1968246487455545        5.0708260232101541        3.4950789855524680        2.3113724515511942        1.3989896939089124       0.65797995744089677        0.0000000000000000     
