   0.0000000000000000        21.016535262684279        34.621396363068854        44.337148128095059        51.364845550030196        56.197515185090097        59.056025579940247        60.015966687898334        59.023234770159434        55.811956546856237        49.576297558061164        37.696537536615708        30.273681595838049        24.662418534334197        20.003988336008760        15.947732205083827        12.312808355395820        8.9836000617035303        5.8718432907050708        2.9011163322087317        0.0000000000000000     
   0.0000000000000000        14.756787252158720        26.633805973974098        35.780557098841555        42.590487504234218        47.337922327921746        50.179649990449036        51.182971058540531        50.334476458135150        47.532201796299816        42.607239941508212        35.672671580938093        29.563255675557492        24.367588570062146        19.866565253153588        15.879168367392090        12.277402816149870        8.9651746973694237        5.8625852931253011        2.8972571163304206        0.0000000000000000     
   0.0000000000000000        11.445637544749978        21.512192982315010        29.759550261838321        36.134880999912909        40.690691483957821        43.490360309759311        44.583126573075582        44.003435023648322        41.791243710299653        38.065572302274141        33.232825082237831        28.329821748680306        23.741287523863321        19.542843435497602        15.709177622870614        12.187364174816679        8.9177112995481984        5.8385798089707901        2.8872189961340524        0.0000000000000000     
   0.0000000000000000        9.5823997194158430        18.345487953353366        25.809333445161961        31.755050717263543        36.106257159716307        38.856652516671772        40.037075387538792        39.708830181715243        37.979875203520663        35.048763959632254        31.272406622042144        27.172659518631953        23.088069059324305        19.181671048799974        15.511538950474669        12.080069298532202        8.8603272038256762        5.8093173918436829        2.8749312173465902        0.0000000000000000     
   0.0000000000000000        8.6073031547750602        16.613735471816767        23.576008328010747        29.225987233125441        33.429288783926857        36.141596536489274        37.381027767764138        37.218871942817643        35.786772449110373        33.294985197451560        30.044549854821426        26.391081452160961        22.619830866107016        18.911560458424447        15.359442269998766        11.995951204185797        8.8148115132057079        5.7859450827056298        2.8650806398766151        0.0000000000000000     
   0.0000000000000000        8.3019072026276142        16.061852255528443        22.853740640450766        28.399857070489631        32.549969067344882        35.248096402174554        36.507902690864995        36.402794200816942        35.069466936757848        32.717638010459872        29.628898072334138        26.118026374457152        22.451785212511410        18.812625355436190        15.302922903603879        11.964386072864947        8.7976232489301829        5.7770845306943404        2.8613384175816576        0.0000000000000000     
   0.0000000000000000        8.6073031746940103        16.613735511083476        23.576008385507802        29.225987307233606        33.429288872585509        36.141596637269913        37.381027877953898        37.218872059507518        35.786772569286100        33.294985318080492        30.044549972934412        26.391081564925159        22.619830970888366        18.911560552839063        15.359442351952776        11.995951271905026        8.8148115652562637        5.7859451180067465        2.8650806577071357        0.0000000000000000     
   0.0000000000000000        9.5823997598013460        18.345488032962777        25.809333561726959        31.755050867499975        36.106257339446600        38.856652720973116        40.037075610912041        39.708830418264156        37.979875447134830        35.048764204164279        31.272406861472966        27.172659747219079        23.088069271728056        19.181671240187477        15.511539116601138        12.080069435801075        8.8603273093305965        5.8093174633951428        2.8749312534854692        0.0000000000000000     
   0.0000000000000000        11.445637607200831        21.512193105405814        29.759550442053104        36.134881232171438        40.690691761801681        43.490360625580010        44.583126918373495        44.003435389310042        41.791244086880070        38.065572680271174        33.232825452347420        28.329822102025414        23.741287852189402        19.542843731333335        15.709177879653407        12.187364386986328        8.9177114626124592        5.8385799195481010        2.8872190519772842        0.0000000000000000     
   0.0000000000000000        14.756787341275674        26.633806149569111        35.780557355879168        42.590487835466561        47.337922724141414        50.179650440809823        51.182971550925402        50.334476979551255        47.532202333280814        42.607240480505411        35.672672108685013        29.563256179395410        24.367589038219549        19.866565674974893        15.879168733517091        12.277403118647298        8.9651749298318713        5.8625854507341604        2.8972571959005737        0.0000000000000000     
   0.0000000000000000        21.016535389240108        34.621396612239693        44.337148492714171        51.364846019824995        56.197515747013355        59.056026218619287        60.015967386156426        59.023235509576189        55.811957308338208        49.576298322397044        37.696538284992783        30.273682310304650        24.662419198195082        20.003988934149902        15.947732724226263        12.312808784285298        8.9836003912452860        5.8718435140605454        2.9011164448841744        0.0000000000000000     
