   0.0000000000000000        20.392862106682863        33.392531131503915        42.539290133375573        49.050435958434988        53.433141514344996        55.919838329350128        56.594764995830616        55.409390440205563        52.100344362152924        45.861385159466579        34.069762149978189        26.821206445232782        21.463322463480708        17.128901902973006        13.457896181013030        10.259499581434170        7.4078476870245265        4.8043472339786790        2.3622799665621121        0.0000000000000000     
   0.0000000000000000        14.133114108130037        25.404940765977308        33.982699138492251        40.276077956665674        44.573548709423960        47.043462798671428        47.761769430052667        46.720632194666443        43.820589679135828        38.892327609733073        32.045896258757445        26.110780585575206        21.168492554722498        16.991478869453065        13.389332385611713        10.224094076757881        7.3894223490349029        4.7950892541632593        2.3584207596378297        0.0000000000000000     
   0.0000000000000000        10.821964443661013        20.283327858868873        27.961692425042649        33.820471611133684        37.926318054724490        40.354173332168642        41.161925177576052        40.389591005514092        38.079631844255829        34.350660220950942        29.606050003678959        24.877346889769775        20.542191721881146        16.667757242906760        13.219341806090656        10.134055571138912        7.3419590551414338        4.7710838403057316        2.3483826748937533        0.0000000000000000     
   0.0000000000000000        8.9587266724048256        17.116622936397398        24.011475764010335        29.440641528575604        33.341883969068761        35.720465809209720        36.615874286037545        36.094986473342971        34.268263654748033        31.333852194950751        27.645631851704081        23.720184952268365        19.888973527645412        16.306585098481644        13.021703342989550        10.026760867087148        7.2845750913639318        4.7418215124500041        2.3360949411322194        0.0000000000000000     
   0.0000000000000000        7.9836301512887191        15.384870540565348        21.778150772114525        26.911578205446531        30.664915785240890        33.005410046336536        33.959826902736069        33.605028483552772        32.075161155434238        29.580073687308072        26.417775332199980        22.938607120867321        19.420735551579856        16.036474702701049        12.869606830590600        9.9426429110327899        7.2390595066737786        4.7184492749747697        2.3262443998043985        0.0000000000000000     
   0.0000000000000000        7.6782342154193763        14.832987356313499        21.055883131334745        26.085448102872725        29.785596140160180        32.111909992820543        33.086701913581635        32.788950833775687        31.357855737291853        29.002726594078165        26.002123640719759        22.665552129294298        19.252689977342456        15.937539670651752        12.813087525328985        9.9110778299123066        7.2218712807886067        4.7095887489036130        2.3225021905822216        0.0000000000000000     
   0.0000000000000000        7.9836301704240746        15.384870578233613        21.778150827142007        26.911578276144319        30.664915869480083        33.005410141638791        33.959827006373189        33.605028592650825        32.075161267074797        29.580073798622166        26.417775440450026        22.938607223513820        19.420735646331437        16.036474787548197        12.869606903823858        9.9426429712486666        7.2390595527710078        4.7184493061448691        2.3262444155193238        0.0000000000000000     
   0.0000000000000000        8.9587267117714493        17.116623013887562        24.011475877206585        29.440641674002180        33.341884142346480        35.720466005240830        36.615874499211117        36.094986697747913        34.268263884381795        31.333852423912237        27.645632074362371        23.720185163400004        19.888973722537081        16.306585272999797        13.021703493617613        10.026760990938136        7.2845751861730275        4.7418215765554645        2.3360949734505612        0.0000000000000000     
   0.0000000000000000        10.821964505355558        20.283327980296573        27.961692602406558        33.820471838985007        37.926318326202178        40.354173639287183        41.161925511546400        40.389591357076938        38.079632204007993        34.350660579648228        29.606050352499913        24.877347220530801        20.542192027198062        16.667757516302878        13.219342042056159        10.134055765150155        7.3419592036504708        4.7710839407120940        2.3483827255075025        0.0000000000000000     
   0.0000000000000000        14.133114195063866        25.404940937037768        33.982699388313165        40.276078277569482        44.573549091750188        47.043463231177810        47.761769900365010        46.720632689747362        43.820590185745232        38.892328114853811        32.045896749967469        26.110781051349921        21.168492984662578        16.991479254436580        13.389332717877778        10.224094349933916        7.3894225581233979        4.7950893955052738        2.3584208308688792        0.0000000000000000     
   0.0000000000000000        20.392862221680232        33.392531357642554        42.539290463543587        49.050436382491924        53.433142019534017        55.919838900823549        56.594765617243624        55.409391094335817        52.100345031509065        45.861385826851176        34.069762798978843        26.821207060622385        21.463323031518208        17.128902411603860        13.457896619979820        10.259499942312285        7.4078479632051550        4.8043474206241310        2.3622800605652889        0.0000000000000000     
