   0.0000000000000000        23.229006344052038        38.989263338833908        50.747920591693003        59.653871965142187        66.152703397310461        70.423848100337324        72.508526055321056        72.326134349620006        69.592706368601881        63.492983217628350        51.406491644670488        43.441919730254412        36.969632334399591        31.153924093307626        25.673820744194011        20.383948067761160        15.209027062291275        10.105048937456541        5.0427917822805934        0.0000000000000000     
   0.0000000000000000        16.969258343846938        31.001672970203817        42.191329592676951        50.879513958794305        57.293110588044684        61.547472566249112        63.675530487717168        63.637376104361977        61.312951688312125        56.523925673180344        49.382625761159879        42.731493880354904        36.674802436856098        31.016501071701992        25.605256960549916        20.348542573804842        15.190601733160644        10.095790963947689        5.0389325786200043        0.0000000000000000     
   0.0000000000000000        13.658108647837857        25.880060001114380        36.170322788955005        44.423907497782935        50.645879796515459        54.858182945999360        57.075686069372345        57.306334742161624        55.571993678085285        51.982258111392881        46.942779339671937        41.498060028500454        36.048501461541463        30.692779318906723        25.435266273105178        20.258503980188266        15.143138372360021        10.071785505071883        5.0288944712440333        0.0000000000000000     
   0.0000000000000000        11.794870832707632        22.713354992352585        32.220106002061428        40.044077253884609        46.061445519179983        50.224475206966687        52.529634943850141        53.011729964845586        51.760625239022147        48.965449837943950        44.982360948441652        40.340897865445193        35.395283060285237        30.331606990102181        25.237627651645511        20.151209146480792        15.085754309667342        10.042523110497442        5.0166067038944497        0.0000000000000000     
   0.0000000000000000        10.819774277264747        20.981602529025722        29.986780911761407        37.515013804686774        43.384477185688425        47.509419275534214        49.873587378206658        50.521771784237515        49.567522545704406        47.211671138195953        43.754504243456253        39.559319859436712        34.927044924188237        30.061496451987836        25.085531017155425        20.067091090577392        15.040238648873295        10.019150821726605        5.0067561367549587        0.0000000000000000     
   0.0000000000000000        10.514378334486670        20.429719331282335        29.264513251536215        36.688883677600927        42.505157512112447        46.615919190745188        49.000462356250409        49.705694101343170        48.850217095238222        46.634324014384497        43.338852523886615        39.286264842800321        34.758999328233401        29.962561401694778        25.029011697096045        20.035525997969515        15.023050414619895        10.010290290210273        5.0030139248535255        0.0000000000000000     
   0.0000000000000000        10.819774317201967        20.981602607905955        29.986781027626137        37.515013954665896        43.384477366073227        47.509419481870339        49.873587605403628        50.521772026693583        49.567522797444688        47.211671393019536        43.754504495088355        39.559320101683880        34.927045151090184        30.061496657964881        25.085531197145656        20.067091240161552        15.040238764383641        10.019150900336047        5.0067561765441795        0.0000000000000000     
   0.0000000000000000        11.794870914859121        22.713355154605949        32.220106240383913        40.044077562370745        46.061445890201796        50.224475631362480        52.529635411149883        53.011730463528366        51.760625756799371        48.965450362061503        44.982361465994074        40.340898363693228        35.395283526969848        30.331607413746610        25.237628021838070        20.151209454132058        15.085754547233911        10.042523272166783        5.0166067857232051        0.0000000000000000     
   0.0000000000000000        13.658108776609001        25.880060255427093        36.170323162477317        44.423907981255468        50.645880377983161        54.858183611105574        57.075686801710376        57.306335523677539        55.571994489521799        51.982258932762790        46.942780150750345        41.498060809322922        36.048502192895327        30.692779982805042        25.435266853230146        20.258504462294294        15.143138744626288        10.071785758393997        5.0288945994542065        0.0000000000000000     
   0.0000000000000000        16.969258525435624        31.001673328771957        42.191330119274376        50.879514640363283        57.293111407734614        61.547473503825749        63.675531520056182        63.637377206016382        61.312952832137668        56.523926831003344        49.382626904471024        42.731494981010883        36.674803467773017        31.016502007522696        25.605257778269340        20.348543253339010        15.190602257845082        10.095791320954142        5.0389327592786115        0.0000000000000000     
   0.0000000000000000        23.229006585008207        38.989263814446460        50.747921290067445        59.653872868968683        66.152704484254457        70.423849343575824        72.508527424197496        72.326135810395527        69.592707885286814        63.492984752866185        51.406493160658641        43.441921189674666        36.969633701337500        31.153925334136538        25.673821828404758        20.383948968715643        15.209027757884506        10.105049410674123        5.0427920216536144        0.0000000000000000     
