   0.0000000000000000        14.552403988164453        22.010565452804585        26.187038383530272        28.522072830504641        29.680768358105670        29.980822261738457        29.519102066723367        28.193466625432450        25.632013600661107        20.879967463524043        11.143259442038008        6.3414553123711030        3.6578710026951580        2.0864035568407893        1.1622899418656862       0.62765413339616838       0.32580733326306244       0.15855415565417375        6.3649841562044895E-002   0.0000000000000000     
   0.0000000000000000        8.3076385671713986        14.051922352650561        17.671443750494451        19.798161944394074        20.878061129805062        21.164624967738998        20.746557562750247        19.562756998535413        17.405741176182005        13.958280624999162        9.1597675729693506        5.6641536497731817        3.3892018170839839        1.9688624900182703        1.1082475169628017       0.60239947431835317       0.31408801833207178       0.15331901949596424        6.1664975740796657E-002   0.0000000000000000     
   0.0000000000000000        5.0357084336592912        9.0060840281866970        11.757752318770825        13.474610011385048        14.379738856685911        14.632863195273465        14.304955381048586        13.383669267840052        11.804783734280765        9.5406157288168867        6.8256088456330710        4.5174298263258947        2.8313827067744253        1.6971867367619717       0.97627034883289898       0.53893356017955774       0.28417965740110596       0.13984460158594342        5.6533556268297730E-002   0.0000000000000000     
   0.0000000000000000        3.2209379060022920        5.9330208973124865        7.9401553786563257        9.2579723418164708        9.9793255287285341        10.193828496217542        9.9544605346750341        9.2768497442079116        8.1664293821597624        6.6770517189650711        4.9958013782825406        3.4674261736191250        2.2627964999432173        1.4003350671624535       0.82561082826641119       0.46447891965824484       0.24849135610624917       0.12359734080195282        5.0309912751706681E-002   0.0000000000000000     
   0.0000000000000000        2.2850434982473393        4.2770095141185998        5.8140983117269371        6.8609054648487167        7.4512007889674603        7.6362322676980057        7.4565873889447829        6.9387808012871304        6.1132687370862175        5.0472247226529952        3.8735898353029081        2.7725241947179171        1.8630142126279186        1.1822514934788180       0.71151441354535594       0.40692469719957708       0.22052514701468121       0.11075292096100042        4.5364606587904109E-002   0.0000000000000000     
   0.0000000000000000        1.9946193753862933        3.7540528481494064        5.1327977654383261        6.0851866541719666        6.6287265893042093        6.8028683294510994        6.6438715433244884        6.1807119679805345        5.4494094063010898        4.5172168414220550        3.4982858777345172        2.5325723851612612        1.7211132822352959        1.1031866638928023       0.66950825962305216       0.38550499506120622       0.21003951573749258       0.10591327849214595        4.3495856755576129E-002   0.0000000000000000     
   0.0000000000000000        2.2850434973550859        4.2770095124067797        5.8140983093227732        6.8609054619190246        7.4512007857004647        7.6362322642853737        7.4565873855662463        6.9387807980981142        6.1132687342086101        5.0472247201689546        3.8735898332524226        2.7725241931009812        1.8630142114113162        1.1822514926064633       0.71151441295008822       0.40692469681407117       0.22052514677968410       0.11075292083029167        4.5364606530385501E-002   0.0000000000000000     
   0.0000000000000000        3.2209379055452434        5.9330208964391176        7.9401553774317861        9.2579723403252032        9.9793255270658960        10.193828494480858        9.9544605329556966        9.2768497425850551        8.1664293806954120        6.6770517177010253        4.9958013772391592        3.4674261727963769        2.2627964993241898        1.4003350667185950       0.82561082796354723       0.46447891946212261       0.24849135598673533       0.12359734073555104        5.0309912722583970E-002   0.0000000000000000     
   0.0000000000000000        5.0357084359828885        9.0060840326560019        11.757752325054089        13.474610019044391        14.379738865227974        14.632863204196420        14.304955389882451        13.383669276178413        11.804783741804975        9.5406157353121621        6.8256088509948114        4.5174298305540734        2.8313827099558253        1.6971867390432176       0.97627035038958487       0.53893356118775437       0.28417965801579970       0.13984460192807757        5.6533556419176990E-002   0.0000000000000000     
   0.0000000000000000        8.3076385750836010        14.051922367847006        17.671443771845389        19.798161970415087        20.878061158822611        21.164624998049828        20.746557592758275        19.562757026860041        17.405741201740941        13.958280647062818        9.1597675911824368        5.6641536641355721        3.3892018278905738        1.9688624977671538        1.1082475222504662       0.60239947774283897       0.31408802041973272       0.15331902065747693        6.1664976252402082E-002   0.0000000000000000     
   0.0000000000000000        14.552404004023256        22.010565483217960        26.187038426239297        28.522072882546354        29.680768416136708        29.980822322354577        29.519102126733149        28.193466682075510        25.632013651773107        20.879967507646086        11.143259478459601        6.3414553410921179        3.6578710243053973        2.0864035723363648        1.1622899524394257       0.62765414024395572       0.32580733743731616       0.15855415797582900        6.3649842583335892E-002   0.0000000000000000     
