   0.0000000000000000        21.912558835514659        36.389318736954237        46.929516015843632        54.712430149610540        60.211545903369043        63.630997495347671        65.032891588406869        64.353191643007676        61.319793286344535        55.124341162886196        43.148184130197933        35.496758460629707        29.532235725852697        24.406024770556659        19.779927801611670        15.487457481146777        11.428860251132477        7.5328856649914879        3.7409497606057407        0.0000000000000000     
   0.0000000000000000        15.652810820503515        28.401728339091949        38.372924973865238        45.938072087586519        51.351953027033275        54.754621884393750        56.199895935983740        55.664433307021355        53.040038511619080        48.155283522605011        41.124318151816198        34.786332519174096        29.237405742354262        24.268601670757661        19.711363949512393        15.452051930212741        11.410434877954867        7.5236276614920428        3.7370905417722144        0.0000000000000000     
   0.0000000000000000        12.341661112608227        23.280115346516972        32.351918135612067        39.482465581808668        44.704722181555766        48.065332202290158        49.600051449352918        49.333391871741618        47.299080425288139        43.613615883546743        38.684471653793452        33.552898593421716        28.611104697629333        23.944879854791438        19.541373206741564        15.362013290529195        11.362971481529268        7.4996221783495249        3.7270524221092556        0.0000000000000000     
   0.0000000000000000        10.478423288115922        20.113410319249674        28.401701321498667        35.102635302607510        40.120287861656301        43.431624414430281        45.054000269894161        45.038787036666932        43.487711926036567        40.596807548946067        36.724053201953978        32.395736371808148        27.957886241337466        23.583707475870490        19.343734541366736        15.254718420239522        11.305587390534983        7.4703597644895723        3.7147646449909879        0.0000000000000000     
   0.0000000000000000        9.5033267250987130        18.381657840946929        26.168376209162609        32.573571824817208        37.443319493673677        40.716568443407752        42.397952660490105        42.548828809164768        41.294609183816803        38.843028799477096        35.496196447652864        31.614158318119440        27.489648060398871        23.313596896897408        19.191637871054006        15.170600334480593        11.260071706633912        7.4469874599675574        3.7049140698709344        0.0000000000000000     
   0.0000000000000000        9.1979307756646218        17.829774630041157        25.446108529565137        31.747441672587350        36.563999789755002        39.823068323776141        41.524827600002226        41.732751084959368        40.577303690248449        38.265681631818573        35.080544684571251        31.341103259392668        27.321602424840592        23.214661810502797        19.135118519330359        15.139035215473953        11.242883451942978        7.4381269145166051        3.7011718509082128        0.0000000000000000     
   0.0000000000000000        9.5033267517170525        18.381657893488821        26.168376286262678        32.573571924482287        37.443319613341984        40.716568580022525        42.397952810584201        42.548828968955860        41.294609349307983        38.843028966561029        35.496196612215741        31.614158476142016        27.489648208052802        23.313597030633694        19.191637987682519        15.170600431239560        11.260071781247824        7.4469875106931358        3.7049140955301798        0.0000000000000000     
   0.0000000000000000        10.478423341779239        20.113410425172127        28.401701476924451        35.102635503517035        40.120288102885411        43.431624689816829        45.054000572449979        45.038787358768033        43.487712259626250        40.596807885745093        36.724053533669888        32.395736690339305        27.957886538966569        23.583707745443341        19.343734776452692        15.254718615271514        11.305587540926698        7.4703598667287672        3.7147646967063763        0.0000000000000000     
   0.0000000000000000        12.341661194132570        23.280115507419541        32.351918371697657        39.482465886968711        44.704722547945757        48.065332620552056        49.600051908873965        49.333392360943542        47.299080931935535        43.613616395065627        38.684472157589269        33.552899077190020        28.611105149648608        23.944880264195575        19.541373563763059        15.362013586712479        11.362971709909750        7.4996223335969496        3.7270525006314088        0.0000000000000000     
   0.0000000000000000        15.652810931024415        28.401728557182743        38.372925293821837        45.938072501126115        51.351953523527058        54.754622451163300        56.199896558650885        55.664433969899335        53.040039198130103        48.155284215711802        41.124318834453490        34.786333174668457        29.237406354822490        24.268602225474432        19.711364433240874        15.452052331493840        11.410435187351320        7.5236278717864806        3.7370906481161388        0.0000000000000000     
   0.0000000000000000        21.912558975798255        36.389319013639522        46.929516421673988        54.712430674083635        60.211546533011955        63.630998214087853        65.032892378015958        64.353192483596445        61.319794156892783        55.124342041790598        43.148184995818589        35.496759291823196        29.532236502476277        24.406025473935259        19.779928414956533        15.487457989922309        11.428860643366786        7.5328859315316121        3.7409498953261786        0.0000000000000000     
