   0.0000000000000000        22.136450840050088        36.831370123931080        47.578424187196887        55.551641756089595        61.219720756246318        64.782600225183856        66.298889998934840        65.701837749768330        62.717461330089584        56.536396455506399        44.539857341362520        36.834001719799993        30.782539467069576        25.539177317393033        20.768702995519568        16.308218931416491        12.062073801440686        7.9635342619130220        3.9588469777660622        0.0000000000000000     
   0.0000000000000000        15.876702834431033        28.843779744575411        39.021833172369277        46.777283729183750        52.360127922124619        55.906224662494466        57.465894399631580        57.013079470444794        54.437706614171063        49.567338874726374        42.515991421711149        36.123575834859686        30.487709536483266        25.401754265604986        20.700139185353805        16.272813415312328        12.043648455138438        7.9542762766807993        3.9549877681567169        0.0000000000000000     
   0.0000000000000000        12.565553132671464        23.722166764106660        33.000826351887028        40.321677246401904        45.712897104301881        49.216935012025104        50.866049947836828        50.682038072346430        48.696748566452342        45.025671274761152        40.076144962299551        34.890141946285382        29.861408526586672        25.078032481258454        20.530148470213724        16.182774798589119        11.996185076437197        7.9302708055927553        3.9449496545890175        0.0000000000000000     
   0.0000000000000000        10.702315311657710        20.555461743708193        29.050609547863850        35.941846980267584        41.128462800130904        44.583227242175354        46.319998788234059        46.387433258490873        44.885380089265482        42.008862962529733        38.115726532583309        33.732979746001490        29.208190090301251        24.716860120521360        20.332509820745116        16.075479941528730        11.938800995663193        7.9010083986885729        3.9326618809905880        0.0000000000000000     
   0.0000000000000000        9.7272187503754814        18.823709268834406        26.817284440571392        33.412783509019732        38.451494440039056        41.868171280209850        43.663951188841153        43.897475041717726        42.692277358235316        40.255084224439386        36.887869789569379        32.951401703226637        28.739951919627515        24.446749550901608        20.180413158632390        15.991361862602844        11.893285317049250        7.8776360977692850        3.9228113076952154        0.0000000000000000     
   0.0000000000000000        9.4218228018385837        18.271826059704281        26.095016763591456        32.586653360195427        37.572174740243241        40.974671165330534        42.790826133631626        43.081397323197734        41.974971870628032        39.677737062874890        36.472218032564840        32.678346650405814        28.571906289650304        24.347814469614448        20.123893811403498        15.959796747353774        11.876097065273310        7.8687755543084252        3.9190690897416589        0.0000000000000000     
   0.0000000000000000        9.7272187787948354        18.823709324940772        26.817284522925892        33.412783615521050        38.451494567983147        41.868171426363645        43.663951349529540        43.897475212920270        42.692277535690643        40.255084403754026        36.887869966328353        32.951401873101602        28.739952078481636        24.446749694887345        20.180413284280654        15.991361966902048        11.893285397512503        7.8776361524882592        3.9228113353794694        0.0000000000000000     
   0.0000000000000000        10.702315370613144        20.555461860094788        29.050609718692517        35.941847201177410        41.128463065512719        44.583227545323851        46.319999121526799        46.387433613589607        44.885380457331820        42.008863334451391        38.115726899202805        33.732980098341301        29.208190419780717        24.716860419159659        20.332510081346570        16.075480157846577        11.938801162539921        7.9010085121684188        3.9326619384015045        0.0000000000000000     
   0.0000000000000000        12.565553226483804        23.722166949287498        33.000826623668203        40.321677597841273        45.712897526476148        49.216935494268924        50.866050478026708        50.682038637219250        48.696749151949710        45.025671866388407        40.076145545489460        34.890142506756789        29.861409050689399        25.078032956295878        20.530148884737883        16.182775142662138        11.996185341855449        7.9302709860687424        3.9449497458850296        0.0000000000000000     
   0.0000000000000000        15.876702969571024        28.843780011274717        39.021833563736521        46.777284235218758        52.360128529981694        55.906225356822318        57.465895162978931        57.013080283718580        54.437707457132817        49.567339726508507        42.515992261340983        36.123576641775571        30.487710291030908        25.401754949502305        20.700139782115670        16.272813910627505        12.043648837194143        7.9542765364303136        3.9549878995244976        0.0000000000000000     
   0.0000000000000000        22.136451023723598        36.831370486211810        47.578424718700617        55.551642443243971        61.219721581620007        64.782601167941465        66.298891035387868        65.701838853997458        62.717462474618472        56.536397612003583        44.539858481352674        36.834002815364798        30.782540491521303        25.539178245905646        20.768703805705020        16.308219603836172        12.062074320046616        7.9635346144165879        3.9588471559455347        0.0000000000000000     
