   0.0000000000000000        20.148685593131859        32.911917549499897        41.837356850872780        48.148981276302933        52.359661894045402        54.706328597165509        55.276383102593783        54.023073884201324        50.683463317888609        44.450508144884736        32.699594841718479        25.523744695127576        20.267238718322048        16.059162266060852        12.535585384624248        9.5018149944694965        6.8282125528405420        4.4125884588899016        2.1648171904507629        0.0000000000000000     
   0.0000000000000000        13.888937630508934        24.924327254664149        33.280765959173664        39.374623406948260        43.500069246661901        45.829953244379524        46.443387729840737        45.334315841352307        42.403708841720189        37.481450800797852        30.675729149885424        24.813319023968283        19.972408983054908        15.921739387469277        12.467021722612632        9.4664095992393591        6.8097872984932781        4.4033305355624694        2.1609580119842255        0.0000000000000000     
   0.0000000000000000        10.577788057890078        19.802714528316258        27.259759509658597        32.919017400260145        36.852838995299621        39.140664233601115        39.843543972191711        39.003275172197888        36.662751537941205        32.939783940486741        28.235883407649837        23.579885813431645        19.346108597240153        15.598018160453467        12.297031487341918        9.3763713762679153        6.7623242207291554        4.3793252677307919        2.1509200008275529        0.0000000000000000     
   0.0000000000000000        8.7145503995373232        16.636009828046220        23.309543173086553        28.539187734276496        32.268405405545465        34.506957271005803        35.297493689162494        34.708671279563717        32.851384001707757        29.922976564611876        26.275465886660690        22.422724473071717        18.692890953161374        15.236846507794441        12.099393448014485        9.2690770201922845        6.7049405230578838        4.3500631196790707        2.1386323576792625        0.0000000000000000     
   0.0000000000000000        7.7394539693111124        14.904257611090811        21.076218442385304        26.010124746490650        29.591437620912259        31.791901959208538        32.641446795680409        32.218713804553815        30.658282028215563        28.169198580238930        25.047609875004127        21.641147122262211        18.224653419858527        14.966736507771433        11.947297276645193        9.1849593441629338        6.6594251525056851        4.3266910268915364        2.1287818892670307        0.0000000000000000     
   0.0000000000000000        7.4340580675132575        14.352374493886732        20.353950899491657        25.183994769561529        28.712118125355122        30.898402074588674        31.768321989853845        31.402636347359135        29.940976806689093        27.591851682568610        24.631958373217650        21.368092310104970        18.056608010826857        14.867801623314765        11.890778098507560        9.1533943673840046        6.6422370063852210        4.3178305547022049        2.1250397071945679        0.0000000000000000     
   0.0000000000000000        7.7394539865852563        14.904257645072526        21.076218491972995        26.010124810103932        29.591437696567191        31.791902044607390        32.641446888310099        32.218713901787083        30.658282127409144        28.169198678821925        25.047609970553573        21.641147212561684        18.224653502939233        14.966736581935809        11.947297340475231        9.1849593965157830        6.6594251925010237        4.3266910538940309        2.1287819028677903        0.0000000000000000     
   0.0000000000000000        8.7145504355497074        16.636009898885984        23.309543276454029        28.539187866875935        32.268405563241409        34.506957449009136        35.297493882235585        34.708671482231047        32.851384208460082        29.922976770090877        26.275466085816149        22.422724661283880        18.692891126326415        15.236846662373859        12.099393581052272        9.2690771293062522        6.7049406064133699        4.3500631759530917        2.1386323860221577        0.0000000000000000     
   0.0000000000000000        10.577788115501814        19.802714641629944        27.259759674986892        32.919017612328744        36.852839247495055        39.140664518266021        39.843544280951221        39.003275496297306        36.662751868571021        32.939784269078828        28.235883726128119        23.579886114408396        19.346108874152264        15.598018407641565        12.297031700077961        9.3763715507415917        6.7623243540066609        4.3793253576991287        2.1509200461353553        0.0000000000000000     
   0.0000000000000000        13.888937713794274        24.924327418427890        33.280766198069010        39.374623713352094        43.500069611021516        45.829953655635684        46.443388175897852        45.334316309564990        42.403709319363429        37.481451275494550        30.675729609968982        24.813319458765619        19.972409383083971        15.921739744552973        12.467022029918528        9.4664098512605221        6.8097874909898497        4.4033306654845017        2.1609580773944330        0.0000000000000000     
   0.0000000000000000        20.148685706332756        32.911917771934526        41.837357175261779        48.148981692303025        52.359662388696847        54.706329155462313        55.276383708121280        54.023074519796729        50.683463966280279        44.450508789272234        32.699595466265109        25.523745285344713        20.267239261336790        16.059162750770852        12.535585801751147        9.5018153365327045        6.8282128140781335        4.4125886351571530        2.1648172791335445        0.0000000000000000     
