   0.0000000000000000        22.948568744176733        38.435308362313293        49.934116837394200        58.600297061141035        64.885345796548620        68.973962660566116        70.911859711470740        70.622041408024074        67.823175647644035        61.701601364221219        49.637368425147102        41.738601901560230        35.374032839676161        29.705292805628613        24.407781830164630        19.331627299892460        14.396290128446710        9.5518690398107164        4.7627616572382916        0.0000000000000000     
   0.0000000000000000        16.688820738617316        30.447717983113023        41.377525822851418        49.825939034688545        56.025752963090511        60.097587098788608        62.078864113357547        61.933283130184073        59.543420933498581        54.732543785475968        47.613502507742140        41.028176019005578        35.079202911523723        29.567869756218258        24.339218022209362        19.296221785722338        14.377864783701936        9.5426110556755006        4.7589024482017672        0.0000000000000000     
   0.0000000000000000        13.377671039190275        25.326105007272794        35.356519009210515        43.370332560830832        49.378522156099180        53.408297460836607        55.479019675501434        55.602241747139601        53.802462901605125        50.190876201731427        45.173656064547245        39.794742146230362        34.452901916592666        29.244147985597984        24.169227319174915        19.206183179140254        14.330401412883884        9.5186055899805169        4.7488643373742416        0.0000000000000000     
   0.0000000000000000        11.514433222270261        22.159399994974823        31.406302217119091        38.990502310197144        44.794087870652021        48.774589712510704        50.932968539728208        51.307636958863341        49.991094451139574        47.174067916716822        43.213237661873173        38.637579972136407        33.799683504977317        28.882975647373396        23.971588689470874        19.098888338572241        14.273017344888061        9.4893431917946174        4.7365765681960958        0.0000000000000000     
   0.0000000000000000        10.539336666178595        20.427647530365029        29.172977124930895        36.461438858548441        42.117119534202288        46.059533777680528        48.276920970326678        48.817678774225243        47.797991753615776        45.420289212689255        41.985380952639709        37.856001962017643        33.331445365012151        28.612865105731998        23.819492051886677        19.014770280088779        14.227501682096458        9.4659709016618443        4.7267260003664955        0.0000000000000000     
   0.0000000000000000        10.233940723334007        19.875764332488757        28.450709464506815        35.635308731198329        41.237799860298452        45.166033692503248        47.403795947926227        48.001601090837696        47.080686302616968        44.842942088316853        41.569729232494922        37.582946944807482        33.163399768501890        28.513930054919783        23.762972731361934        18.983205187085890        14.210313447532872        9.4571103699319181        4.7229837883561849        0.0000000000000000     
   0.0000000000000000        10.539336705982690        20.427647608979335        29.172977240397593        36.461439007998848        42.117119713931430        46.059533983239746        48.276921196634845        48.817679015694623        47.797992004290059        45.420289466390471        41.985381203120909        37.856002203116631        33.331445590802943        28.612865310670259        23.819492230945698        19.014770428882386        14.227501796986132        9.4659709798438456        4.7267260399378594        0.0000000000000000     
   0.0000000000000000        11.514433302990243        22.159400154394778        31.406302451264771        38.990502613249895        44.794088235098052        48.774590129329880        50.932968998618009        51.307637448493814        49.991094959433021        47.174068431146935        43.213238169772794        38.637580461010216        33.799683962808942        28.882976062920051        23.971589052539617        19.098888640269287        14.273017577835994        9.4893433503106941        4.7365766484257863        0.0000000000000000     
   0.0000000000000000        13.377671162947097        25.326105251673244        35.356519368150842        43.370333025386955        49.378522714752947        53.408298099762675        55.479020378908722        55.602242497662417        53.802463680731613        50.190876990260890        45.173656843063668        39.794742895580072        34.452902618355729        29.244148622540386        24.169227875671545        19.206183641557747        14.330401769914964        9.5186058329194516        4.7488644603246781        0.0000000000000000     
   0.0000000000000000        16.688820908347843        30.447718318251699        41.377526315005987        49.825939671618400        56.025753729006126        60.097587974739028        62.078865077697216        61.933284159107899        59.543422001629601        54.732544866492134        47.613503575025618        41.028177046297372        35.079203873570030        29.567870629390413        24.339218785083574        19.296222419605762        14.377865273092123        9.5426113886438824        4.7589026166891486        0.0000000000000000     
   0.0000000000000000        22.948568962569645        38.435308793363021        49.934117470282430        58.600297880132381        64.885346781349497        68.973963786818103        70.911860951349411        70.622042730926637        67.823177020945323        61.701602754080284        49.637369797341194        41.738603222327491        35.374034076545755        29.705293928217792        24.407782810923869        19.331628114781843        14.396290757527732        9.5518694677446003        4.7627618736917823        0.0000000000000000     
