   0.0000000000000000        23.363165750133888        39.254276620912862        51.137258302633441        60.157941901560598        66.759087320133688        71.117608134785499        73.272573164954082        73.141649747359438        70.439605427194266        64.350410404593077        52.253334257039072        44.257327759380971        37.733531660059086        31.847510390386205        26.280021978111112        20.887844242389583        15.598216945785154        10.369954800014856        5.1768947029669583        0.0000000000000000     
   0.0000000000000000        17.103417742600463        31.266686237838904        42.580667282422951        51.383583867793149        57.899494477900859        62.241232562996416        64.439577555845418        64.452891457816264        62.159850700930164        57.381352813614519        50.229468327586417        43.546901865259237        37.438701721101175        31.710087331192312        26.211458161628872        20.852438721151991        15.579791595599414        10.360696812191858        5.1730354920764370        0.0000000000000000     
   0.0000000000000000        13.792268042142329        26.145073259972129        36.559660465818752        44.927977390116084        51.252263666335494        55.551942919835270        57.839733112279731        58.121850068707737        56.418892662771256        52.839685223559556        47.789621878191248        42.313467986544410        36.812400720633633        31.386365555570016        26.041467454243545        20.762400110970315        15.532328222014332        10.336691344622842        5.1629973803052867        0.0000000000000000     
   0.0000000000000000        11.929030225036669        22.978368247312446        32.609443673205121        40.548147138819559        46.667829380108273        50.918235170637985        53.293681975571353        53.827245279460648        52.607524211326634        49.822876937583771        45.829203474597165        41.156305811592631        36.159182308240332        31.025193216661137        25.843828823959800        20.655105269934701        15.474944153667472        10.307428946204181        5.1507096110118411        0.0000000000000000     
   0.0000000000000000        10.953933669370464        21.246615783546382        30.376118582263341        38.019083688795632        43.990861045628193        48.203179238080274        50.637634408695121        51.337287097543197        50.414421516655466        48.069098236472101        44.601346768271185        40.374727804299596        35.690944170945869        30.755082677465040        25.691732188529414        20.570987213254057        15.429428492276736        10.284056657029613        5.1408590436689670        0.0000000000000000     
   0.0000000000000000        10.648537727269741        20.694732587142276        29.653850924008061        37.192953564263455        43.111541375128496        47.309679156815541        49.764509390624937        50.521209418801952        49.697116070507747        47.491751117038021        44.185695053030337        40.101672791836265        35.522898578905348        30.656147630730629        25.635212871584361        20.539422123238381        15.412240260028028        10.275196126879404        5.1371168324597170        0.0000000000000000     
   0.0000000000000000        10.953933710657227        21.246615865094952        30.376118702052882        38.019083843862845        43.990861232142365        48.203179451438210        50.637634643635074        51.337287348274245        50.414421777000001        48.069098500017674        44.601347028528380        40.374728054861947        35.690944405647578        30.755082890532993        25.691732374725156        20.570987368003355        15.429428611781660        10.284056738361219        5.1408590848374445        0.0000000000000000     
   0.0000000000000000        11.929030308074893        22.978368411323803        32.609443914122124        40.548147450681057        46.667829755209546        50.918235599721967        53.293682448056707        53.827245783701407        52.607524734899386        49.822877467592747        45.829203997991868        41.156306315488862        36.159182780237984        31.025193645149749        25.843829198404549        20.655105581136219        15.474944393988558        10.307429109756436        5.1507096937970065        0.0000000000000000     
   0.0000000000000000        13.792268167820302        26.145073508189753        36.559660830411353        44.927977862058654        51.252264233968162        55.551943569150502        57.839733827266059        58.121850831743373        56.418893455057159        52.839686025581884        47.789622670201283        42.313468749045825        36.812401434861506        31.386366203954140        26.041468020841744        20.762400581861584        15.532328585642784        10.336691592082325        5.1629975055552499        0.0000000000000000     
   0.0000000000000000        17.103417912154036        31.266686572670611        42.580667774198901        51.383584504335929        57.899495243485219        62.241233438732579        64.439578520141211        64.452892486907501        62.159851769464154        57.381353895274259        50.229469395737787        43.546902893607040        37.438702684336945        31.710088205618387        26.211458925742505        20.852439356176731        15.579792085950144        10.360697145862817        5.1730356609407568        0.0000000000000000     
   0.0000000000000000        23.363165964407436        39.254277043919352        51.137258923823893        60.157942705556167        66.759088287079152        71.117609240828813        73.272574382829532        73.141651047056527        70.439606776696138        64.350411770663300        52.253335606040551        44.257329058103863        37.733532876538675        31.847511494691027        26.280022943080894        20.887845044306253        15.598217564960915        10.369955221286659        5.1768949160948843        0.0000000000000000     
