   0.0000000000000000        22.896819080899817        38.333088613994754        49.783954128147315        58.405902843012754        64.651523096235351        68.706486208250965        70.617332060468755        70.307728753216878        67.496827542502189        61.371258909232026        49.311165747794021        41.424565867129914        35.079885924673292        29.438263936647900        24.174429748879255        19.137680669846183        14.246508163648867        9.4499259217596041        4.7111574293543672        0.0000000000000000     
   0.0000000000000000        16.637071076720733        30.345498237513308        41.227363117591501        49.631544821715366        55.791930268971356        59.830110653551870        61.784336470141824        61.618970483677657        59.217072836966558        54.402201339192949        47.287299838977283        40.714139992834660        34.785056004249178        29.300840894246200        24.105865947042496        19.102275160755795        14.228082822822195        9.4406679402865556        4.7072982216616079        0.0000000000000000     
   0.0000000000000000        13.325921378029662        25.223885263124007        35.206356306078362        43.175938350607410        49.144699465282386        53.140821019371600        55.184492036432246        55.287929105051063        53.476114809652557        49.860533760076187        44.847453400344421        39.480706124443984        34.158755013418222        28.977119127342007        23.935875247250294        19.012236556864174        14.180619454078499        9.4166624760008375        4.6972601115460151        0.0000000000000000     
   0.0000000000000000        11.462683561285242        22.057180251171488        31.256139514492201        38.796108100624721        44.560265180614209        48.507113271931928        50.638440901629401        50.993324317804365        49.664746360249509        46.843725476130359        42.887034998718988        38.323543951353301        33.505536602737024        28.615946789960418        23.738236618278776        18.904941716901604        14.123235386547790        9.3874000781299625        4.6849723425266614        0.0000000000000000     
   0.0000000000000000        10.487587004965487        20.325427786110467        29.022814421639538        36.267044648113419        41.883296843123745        45.792057335907103        47.982393330907627        48.503366131751960        47.471643661251591        45.089946770604726        41.659178288000469        37.541965939799439        33.037298461422679        28.345836247089949        23.586139979616959        18.820823657519856        14.077719723060616        9.3640277875226872        4.6751217744564926        0.0000000000000000     
   0.0000000000000000        10.182191061682413        19.773544587367489        28.300546759941014        35.440914519111352        41.003977167230076        44.898557248449954        47.109268305992288        47.687288445675698        46.754338207455703        44.512599643395724        41.243526565049322        37.268910919882472        32.869252862372548        28.246901193968085        23.529620657070609        18.789258562834355        14.060531487195984        9.3551672549063998        4.6713795619972007        0.0000000000000000     
   0.0000000000000000        10.487587043893848        20.325427862993742        29.022814534560720        36.267044794264379        41.883297018878366        45.792057536912480        47.982393552192761        48.503366367850958        47.471643906339295        45.089947018640231        41.659178532876282        37.541966175492036        33.037298682140218        28.345836447414847        23.586140154638073        18.820823802952681        14.077719835351552        9.3640278639342451        4.6751218131310370        0.0000000000000000     
   0.0000000000000000        11.462683640677009        22.057180407965223        31.256139744774146        38.796108398666561        44.560265539020762        48.507113681827008        50.638441352876505        50.993324799258147        49.664746860031336        46.843725981922006        42.887035498066211        38.323544431972579        33.505537052817779        28.615947198454371        23.738236975170871        18.904942013454871        14.123235615516341        9.3874002339337395        4.6849724213820156        0.0000000000000000     
   0.0000000000000000        13.325921500816051        25.223885505602258        35.206356662184696        43.175938811479348        49.144700019484439        53.140821653180055        55.184492734175116        55.287929849496116        53.476115582433614        49.860534542146539        44.847454172447115        39.480706867585553        34.158755709335864        28.977119758951495        23.935875799064760        19.012237015373330        14.180619808079348        9.4166627168703876        4.6972602334462010        0.0000000000000000     
   0.0000000000000000        16.637071246962766        30.345498573651291        41.227363611196239        49.631545460498046        55.791931037084844        59.830111531979476        61.784337437166570        61.618971515419716        59.217073907973457        54.402202423068793        47.287300909033505        40.714141022747427        34.785056968706428        29.300841769568404        24.105866711763440        19.102275796148604        14.228083313359338        9.4406682740234640        4.7072983905324062        0.0000000000000000     
   0.0000000000000000        22.896819302562829        38.333089051477280        49.783954770453896        58.405903674159489        64.651524095613070        68.706487351126185        70.617333318593197        70.307730095526651        67.496828935886128        61.371260319349958        49.311167139924393        41.424567207024488        35.079887179398895        29.438265075393964        24.174430743712982        19.137681496396773        14.246508801707154        9.4499263557823205        4.7111576488767630        0.0000000000000000     
