   0.0000000000000000        21.194242738392902        34.971834912526759        44.850546459969976        52.026990228365548        56.990254875336724        59.957899190473071        61.002922118696148        60.069401879877084        56.890437587611856        50.659940610286576        38.758663073745964        31.288738689969119        25.606554704633830        20.855524891433642        16.687544390378960        12.924615994433761        9.4541791605014502        6.1911718546038355        3.0624683241304815        0.0000000000000000     
   0.0000000000000000        14.934494728526087        26.984244524747965        36.293955432674039        43.252632185145131        48.130662021328092        51.081523604679624        52.169926493513437        51.380643572428056        48.610682841936679        43.690882998810267        36.734797123215209        30.578312774768648        25.311724745231132        20.718101813091330        16.618980556702375        12.889210458574839        9.4357537988135043        6.1819138588404092        3.0586091091776249        0.0000000000000000     
   0.0000000000000000        11.623345023274126        21.862631537348094        30.272948601927020        36.797025688925451        41.483431187116949        44.392233935160164        45.570082020367593        45.049602151111422        42.869724769637472        39.149215373472842        34.294950638264936        29.344878861153873        24.685423711476478        20.394380006749333        16.448989822079611        12.799171825475138        9.3882904073527662        6.1579083790141897        3.0485709911715126        0.0000000000000000     
   0.0000000000000000        9.7601071992822099        18.695926511037911        26.322731789148751        32.417195411331178        36.898996868972148        39.758526149071123        41.024030842568656        40.754997317473766        39.058356271513702        36.132407039635858        32.334532186806939        28.187716639557635        24.032205254889412        20.033207627298992        16.251351156037941        12.691876954485274        9.3309063157258763        6.1286459646767284        3.0362832137963354        0.0000000000000000     
   0.0000000000000000        8.7850106351715400        16.964174030551966        24.089406673550865        29.888131929223121        34.222028495654897        37.043470171758564        38.367983226007212        38.265039082067055        36.865253520795719        34.378628281263232        31.106675423416259        27.406138576839016        23.563967065244370        19.763097040214042        16.099254478473938        12.607758862583967        9.2853906270088746        6.1052736568405024        3.0264326369871632        0.0000000000000000     
   0.0000000000000000        8.4796146836100910        16.412290815424992        23.367138987706724        29.062001768826640        33.342708781794471        36.149970040595569        37.494858152626605        37.448961343876917        36.147948012461029        33.801281098402171        30.691023645070544        27.133083503180849        23.395921415490093        19.664161940756124        16.042735115197182        12.576193733877689        9.2682023647663598        6.0964131062194422        3.0226904153978484        0.0000000000000000     
   0.0000000000000000        8.7850106571152136        16.964174073822925        24.089406736942887        29.888132010986908        34.222028593559898        37.043470283169228        38.367983347968263        38.265039211396399        36.865253654179710        34.378628415350086        31.106675554905394        27.406138702561535        23.563967182234975        19.763097145771489        16.099254570210633        12.607758938464940        9.2853906853809534        6.1052736964525582        3.0264326570022817        0.0000000000000000     
   0.0000000000000000        9.7601072449873030        18.695926601159549        26.322731921171012        32.417195581608965        36.898997072860325        39.758526381081005        41.024031096546935        40.754997586794495        39.058356549276546        36.132407318861489        32.334532460621759        28.187716901362990        24.032205498509882        20.033207847109075        16.251351347065192        12.691877112491813        9.3309064372694959        6.1286460471539330        3.0362832554681329        0.0000000000000000     
   0.0000000000000000        11.623345096495417        21.862631681709381        30.272948813387217        36.797025961642532        41.483431513651446        44.392234306723608        45.570082427106868        45.049602582416867        42.869725214459798        39.149215820635341        34.294951076760157        29.344879280414027        24.685424101611375        20.394380358749007        16.448990127979783        12.799172078488052        9.3882906019663181        6.1579085110631633        3.0485710578817513        0.0000000000000000     
   0.0000000000000000        14.934494834964115        26.984244734543239        36.293955739932009        43.252632581374172        48.130662495722675        51.081524144475914        52.169927084401053        51.380644198996649        48.610683488136360        43.690883648405809        36.734797760215976        30.578313383822021        25.311725311968438        20.718102324421622        16.618981001053037        12.889210826082234        9.4357540814684242        6.1819140505962542        3.0586092060258889        0.0000000000000000     
   0.0000000000000000        21.194242884446432        34.971835200223850        44.850546881206625        52.026990771508935        56.990255525585880        59.957899930341675        61.002922928575913        60.069402738650894        56.890438473284306        50.659941500607253        38.758663946798933        31.288739524711424        25.606555481370165        20.855525592218733        16.687544999346869        12.924616498058814        9.4541795477980166        6.1911721172792049        3.0624684567131446        0.0000000000000000     
