   0.0000000000000000        21.655428348397727        35.881760532962304        46.184734207425713        53.749735871520528        59.055786589404910        62.311833138569270        63.583946773163461        62.811115753387512        59.723262983872786        53.513039002059983        41.561785211743306        33.973953609151238        28.109815220439195        23.118041612394606        18.656954343456274        14.555944409092376        10.710602765496031        7.0445985138673546        3.4939506684414301        0.0000000000000000     
   0.0000000000000000        15.395680335357243        27.894170138968867        37.628143171093875        44.975377816750409        50.196193721715602        53.435457537404005        54.750951131394004        54.122357428628050        51.443508220649719        46.543981373261445        39.537919244542032        33.263527678310183        27.814985246750105        22.980618521388504        18.588390498952542        14.520538864407062        10.692177397102187        7.0353405135998157        3.4900914512329768        0.0000000000000000     
   0.0000000000000000        12.084530628864551        22.772557149149979        31.607136336859789        38.519771316127297        43.548962882368841        46.746167862222634        48.151106652274251        47.791316001236154        45.702550142369830        42.002313742209019        37.098072754282640        32.030093759898236        27.188684208781495        22.656896711455502        18.418399761375202        14.430500228983110        10.644714003929733        7.0113350326520232        3.4800533326740730        0.0000000000000000     
   0.0000000000000000        10.221292805261886        19.605852123629184        27.656919525287726        34.139941040174278        38.964528566315842        42.112460078682183        43.605055477473520        43.496711171019236        41.891181648038796        38.985505412461357        35.137654307109486        30.872931542658328        26.535465756480782        22.295724336068908        18.220761099019434        14.323205361152702        10.587329914803115        6.9820726200469894        3.4677655561857712        0.0000000000000000     
   0.0000000000000000        9.2461962427557509        17.874099646326876        25.423594414400135        31.610877564222115        36.287560200489210        39.397404110053643        40.949007870616228        41.006752946132529        39.698078908422971        37.231726665512355        33.909797555182514        30.091353491147679        26.067227577486602        22.025613758780658        18.068664430116016        14.239087276520131        10.541814231743691        6.9587003160835206        3.4579149813439569        0.0000000000000000     
   0.0000000000000000        8.9408002936260420        17.322216436014010        24.701326735653737        30.784747413059335        35.408240497802794        38.503903991762982        40.075882811521026        40.190675223316298        38.980773416191425        36.654379499097502        33.494145793220895        29.818298433397644        25.899181942752755        21.926678673058454        18.012145078920579        14.207522157910173        10.524625977332626        6.9498397708097190        3.4541727624667651        0.0000000000000000     
   0.0000000000000000        9.2461962699712785        17.874099700031753        25.423594493168864        31.610877665978016        36.287560322569689        39.397404249290858        40.949008023429869        41.006753108632154        39.698079076515270        37.231726835010335        33.909797721913023        30.091353651054099        26.067227726724290        22.025613893802785        18.068664547749513        14.239087374029655        10.541814306884262        6.9587003671409100        3.4579150071628684        0.0000000000000000     
   0.0000000000000000        10.221292860515339        19.605852232657750        27.656919685194207        34.139941246741017        38.964528814137338        42.112460361328075        43.605055787676662        43.496711500882675        41.891181989253681        38.985505756528397        35.137654645557689        30.872931867253051        26.535466059417288        22.295724610147321        18.220761337798162        14.323205559079209        10.587330067320817        6.9820727236779501        3.4677656085883988        0.0000000000000000     
   0.0000000000000000        12.084530713725675        22.772557316587225        31.607136582414050        38.519771633318300        43.548963262896471        46.746168296214123        48.151107128572718        47.791316507717482        45.702550666277020        42.002314270492860        37.098073273936627        32.030094258278410        27.188684673903939        22.656897132264579        18.418400127979403        14.430500532856311        10.644714238076396        7.0113351917363165        3.4800534131106144        0.0000000000000000     
   0.0000000000000000        15.395680452001496        27.894170369069528        37.628143508503058        44.975378252560063        50.196194244523774        53.435458133650258        54.750951785753202        54.122358124445746        51.443508940401912        46.543982099021619        39.537919958441854        33.263528362978718        27.814985885722599        22.980619099474811        18.588391002561451        14.520539281822824        10.692177718713491        7.0353407320812789        3.4900915616794554        0.0000000000000000     
   0.0000000000000000        21.655428498728909        35.881760829361482        46.184734641952325        53.749736432707707        59.055787262578818        62.311833906276746        63.583947615678085        62.811116649269749        59.723263910562366        53.513039936477590        41.561786130883547        33.973954490648225        28.109816043092792        23.118042356644580        18.656954991799573        14.555944946439411        10.710603179465998        7.0445987950266229        3.4939508104985468        0.0000000000000000     
