   0.0000000000000000        23.442775419188795        39.411535225382046        51.368292680309331        60.457061925841849        67.118926138885911        71.529303717662202        73.725986674049892        73.625615338886178        70.942205318804596        64.859268423030429        52.755920629089587        44.741267636474376        38.186909779615874        32.259164376829673        26.639817070407254        21.186922695660776        15.829215980331586        10.527187746415414        5.2564908976966604        0.0000000000000000     
   0.0000000000000000        17.183027421390740        31.423944861516553        42.811701688301881        51.682703928576387        58.259333340554953        62.652928196094010        64.892991120244801        64.936857108367860        62.662450653833247        57.890210894103305        50.732054760919539        44.030841801357049        37.892079895930969        32.121741367816384        26.571253297777297        21.151517210867205        15.810790658284326        10.517929777733848        5.2526316964846700        0.0000000000000000     
   0.0000000000000000        13.871877726477148        26.302331894595049        36.790694887770300        45.227097471702223        51.612102554010391        55.963638581555671        58.293146708199536        58.605815752901762        56.921492650610674        53.348543339418370        48.292208346457031        42.797407956277475        37.265778926972885        31.798019620801206        26.401262615391975        21.061478621462495        15.763327300741864        10.493924321079383        5.2425935902351801        0.0000000000000000     
   0.0000000000000000        12.008639911545750        23.135626886228032        32.840478101460413        40.847267228564689        47.027668277596796        51.329930843585409        53.747095583855966        54.311210976853076        53.110124212873657        50.331735067321937        46.331789956572450        41.640245794527488        36.612560526948023        31.436847293122632        26.203623994923106        20.954183788584139        15.705943238693532        10.464661926946036        5.2303058231099371        0.0000000000000000     
   0.0000000000000000        11.033543355832323        21.403874422368077        30.607153010380109        38.318203778361074        44.350699942900903        48.614874910782056        51.091048016710758        51.821252794650817        50.917021517909276        48.577956365916151        45.103933249958615        40.858667786959643        36.144322389398440        31.166736753696476        26.051527359292592        20.870065731737498        15.660427577174403        10.441289637683600        5.2204552557222756        0.0000000000000000     
   0.0000000000000000        10.728147412610561        20.851991223749422        29.884885348871592        37.492073649617566        43.471380267336450        47.721374823724489        50.217922992263610        51.005175109105970        50.199716064699238        48.000609239335247        44.688281527662440        40.585612767706081        35.976276790999421        31.067801701191051        25.995008037305269        20.838500637531528        15.643239341689767        10.432429105330925        5.2167130433980446        0.0000000000000000     
   0.0000000000000000        11.033543394878500        21.403874499490577        30.607153123667501        38.318203925011204        44.350700119292028        48.614875112562245        51.091048238905131        51.821253031783705        50.917021764138710        48.577956615177740        45.103933496114706        40.858668023950500        36.144322611391445        31.166736955229965        26.051527535410543        20.870065878111859        15.660427690211780        10.441289714613214        5.2204552946622815        0.0000000000000000     
   0.0000000000000000        12.008639992254704        23.135627045637001        32.840478335614904        40.847267531671434        47.027668642169552        51.329931260629991        53.747096043090806        54.311211466961375        53.110124721781453        50.331735582495696        46.331790465326755        41.640246284337898        36.612560985759586        31.436847709646578        26.203624358915917        20.954184091100508        15.705943472307087        10.464662085932048        5.2303059035828570        0.0000000000000000     
   0.0000000000000000        13.871877854187842        26.302332146822202        36.790695258246956        45.227097951258756        51.612103130802794        55.963639241355537        58.293147434741797        58.605816528283889        56.921493455732076        53.348544154450479        48.292209151331079        42.797408731178670        37.265779652828599        31.798020279751142        26.401263191229177        21.061479100033935        15.763327670299145        10.493924572569945        5.2425937175228263        0.0000000000000000     
   0.0000000000000000        17.183027604091585        31.423945222298784        42.811702218181253        51.682704614435067        58.259334165456330        62.652929139692660        64.892992159283182        64.936858217246055        62.662451805236913        57.890212059676529        50.732055911961879        44.030842909530818        37.892080933959186        32.121742310154886        26.571254121245687        21.151517895222295        15.810791186723435        10.517930137315638        5.2526318784556469        0.0000000000000000     
   0.0000000000000000        23.442775666071793        39.411535712739031        51.368293395984388        60.457062852124828        67.118927252913110        71.529304991965120        73.725988077225892        73.625616836367300        70.942206873706965        64.859269997061872        52.755922183492672        44.741269132979454        38.186911181384787        32.259165649363524        26.639818182397313        21.186923619763299        15.829216693847549        10.527188231863780        5.2564911432796340        0.0000000000000000     
