   0.0000000000000000        18.519565356160200        29.714537201476311        37.189831917907540        42.219784616301581        45.358022011733254        46.870730349830822        46.862109673675931        45.289766967851286        41.883621319007929        35.819699962405629        24.448958290416833        17.835088615410168        13.290803808433878        9.9138445639072295        7.3112116344594567        5.2628988608035225        3.6185261063940595        2.2598589112591467        1.0849023748647193        0.0000000000000000     
   0.0000000000000000        12.259831366953446        21.726974286994526        28.633280717351745        33.445477193324969        36.498488648301930        37.994420954452956        38.029184645157287        36.601081368826556        33.603939208688757        28.850712929037336        22.425159143066026        17.124724315177865        12.996029176867392        9.7764697264055407        7.2426884180742430        5.2275259956479161        3.6001253026849858        2.2506172954273862        1.0810513484863720        0.0000000000000000     
   0.0000000000000000        8.9487183818441540        16.605433252664103        22.612378194737055        26.990003276068169        29.851413628501426        31.305304651623018        31.429525085192253        30.270230398633991        27.863171403563335        24.309230189901882        19.985487663637365        15.891451823301292        12.369873100774960        9.4528743162294511        7.0728041101397707        5.1375729710080655        3.5527262638754542        2.2266547393307814        1.0710346890079774        0.0000000000000000     
   0.0000000000000000        7.0855259488119264        13.438817169965622        18.662290320977796        22.610336884486767        25.267171919231387        26.671811172381439        26.883702488480523        25.975860993099673        24.052038107574162        21.292650407937838        18.025285551343842        14.734489150307601        11.716833841380897        9.0918581893806447        6.8752970111310852        5.0303839317959369        3.4954217273923938        2.1974453891255794        1.0587734396370090        0.0000000000000000     
   0.0000000000000000        6.1104661059293663        11.707136644736533        16.429069516840414        20.081405985858787        22.590359366072160        23.956928568752609        24.227839793316456        23.486093218175807        21.859125634385823        19.539056546905478        16.797603805113244        13.953072521124703        11.248740620969286        8.8218740093960868        6.7233067701399243        4.9463514567976130        3.4499703979823559        2.1741160096097989        1.0489443236930271        0.0000000000000000     
   0.0000000000000000        5.8050841769707242        11.155280906815433        15.706841663695325        19.255326453821127        21.711099153155253        23.063494640672829        23.354785331541734        22.670088205494405        21.141892780377500        18.961779962619403        16.382018851391905        13.680079084223674        11.080750320465032        8.7229871710478815        6.6668280425021313        4.9148190144823296        3.4328067060922303        2.1652718474525168        1.0452102950103801        0.0000000000000000     
   0.0000000000000000        6.1104661157267994        11.707136663905885        16.429069544563284        20.081406020982222        22.590359407185922        23.956928614279619        24.227839841607484        23.486093267602353        21.859125683422128        19.539056594194491        16.797603849512583        13.953072561729847        11.248740657115427        8.8218740406403899        6.7233067962284148        4.9463514776222040        3.4499704135332694        2.1741160199292797        1.0489443288350500        0.0000000000000000     
   0.0000000000000000        7.0855259697237898        13.438817210877826        18.662290380141098        22.610336959439653        25.267172006964703        26.671811269530004        26.883702591525928        25.975861098567250        24.052038212208458        21.292650508843614        18.025285646083290        14.734489236950882        11.716833918509263        9.0918582560489565        6.8752970667972670        5.0303839762291158        3.4954217605717499        2.1974454111417558        1.0587734506064754        0.0000000000000000     
   0.0000000000000000        8.9487184166822935        16.605433320809723        22.612378293269352        26.990003400885762        29.851413774593979        31.305304813388446        31.429525256773410        30.270230574246405        27.863171577787355        24.309230357917066        19.985487821384908        15.891451967567674        12.369873229197673        9.4528744272343701        7.0728042028236597        5.1375730449859081        3.5527263191123364        2.2266547759787132        1.0710347072645940        0.0000000000000000     
   0.0000000000000000        12.259831420164787        21.726974391039832        28.633280867757360        33.445477383829669        36.498488871262040        37.994421201322744        38.029184907001095        36.601081636819302        33.603939474561081        28.850713185433811        22.425159383793240        17.124724535331765        12.996029372842308        9.7764698957982894        7.2426885595053392        5.2275261085282168        3.6001253869598355        2.2506173513293435        1.0810513763244287        0.0000000000000000     
   0.0000000000000000        18.519565432968157        29.714537351530073        37.189832134744080        42.219784890903448        45.358022333091952        46.870730705636205        46.862110051054344        45.289767354086919        41.883621702184890        35.819700331924508        24.448958637352128        17.835088932693999        13.290804090869166        9.9138448080293351        7.3112118382782310        5.2628990234668827        3.6185262278189292        2.2598589917767118        1.0849024149267341        0.0000000000000000     
