   0.0000000000000000        22.420016174842473        37.391345042586195        48.400690374549583        56.615498267164952        62.498438190787475        66.244131144540546        67.906712976421645        67.415908892412176        64.495244727568533        58.333943833651603        46.312907176758472        38.539069092591490        32.377969818962029        26.986139831850366        22.032102301923985        17.357507034436146        12.871947356060868        8.5145053997244311        4.2376787396492777        0.0000000000000000     
   0.0000000000000000        16.160268165772262        29.403754656446239        39.844099349796366        47.841140227464791        53.638845341348841        57.367755564421458        59.073717358035921        58.727150592849242        56.215489990771601        51.364886231877207        44.289041236513938        37.828643187956217        32.083139870044889        26.848716763520606        21.963538477382095        17.322101506442998        12.853522000618380        8.5052474082981071        4.2338195269201098        0.0000000000000000     
   0.0000000000000000        12.849118463081215        24.282141674152619        33.823092526659494        41.385533741285030        46.991614519492813        50.678465909407137        52.473872901319695        52.396109189594100        50.474531937801970        46.823218626703493        41.849194772064600        36.595209294631225        31.456838855787282        26.524994975290291        21.793547758907934        17.232062886992725        12.806058619840629        8.4812419358140030        4.2237814126529916        0.0000000000000000     
   0.0000000000000000        10.985880643119167        21.115436655839545        29.872875725716575        37.005703479165462        42.407180220189275        46.044758145175443        47.927821747964288        48.101504382475895        46.663163467686985        43.806410321709734        39.888776349573362        35.438047101376540        30.803620426151355        26.163822620644929        21.595909114806233        17.124768034424640        12.748674542556550        8.4519795312962209        4.2114936402665757        0.0000000000000000     
   0.0000000000000000        10.010784084146309        19.383684185532537        27.639550625144395        34.476640016637049        39.730211870614163        43.329702195278401        45.271774161907167        45.611546179988295        44.470060751548246        42.052631598754189        38.660919621565171        34.656469073104397        30.335382269112188        25.893712063445015        21.443812463580080        17.040649964570630        12.703158870963669        8.4286072351633319        4.2016430693966651        0.0000000000000000     
   0.0000000000000000        9.7053881385047500        18.831800982125586        26.917282956581211        33.650509878724961        38.850892183967972        42.436202095473590        44.398649123336561        44.795468479271264        43.752755282476286        41.475284456004381        38.245267883191346        34.383414038268086        30.167336656023796        25.794776997525730        21.387293129808945        17.009084860526642        12.685970627853687        8.4197466976069357        4.1979008544339766        0.0000000000000000     
   0.0000000000000000        10.010784118356007        19.383684253084500        27.639550724331421        34.476640144961550        39.730212024855945        43.329702371579728        45.271774355871941        45.611546386795034        44.470060966072509        42.052631815696706        38.660919835584309        34.656469278947192        30.335382461742810        25.893712238165563        21.443812616143095        17.040650091279471        12.703158968758498        8.4286073016909953        4.2016431030625476        0.0000000000000000     
   0.0000000000000000        10.985880712480824        21.115436792799741        29.872875926810252        37.005703739327082        42.407180532890095        46.044758502594377        47.927822141189928        48.101504801734222        46.663163902589261        43.806410761513426        39.888776783449245        35.438047518675376        30.803620816663503        26.163822974846234        21.595909424085569        17.124768291287698        12.748674740800773        8.4519796661533970        4.2114937085079482        0.0000000000000000     
   0.0000000000000000        12.849118569393118        24.282141884058159        33.823092834837453        41.385534139968577        46.991614998676582        50.678466457107291        52.473873503882146        52.396109832043052        50.474532604219220        46.823219300628168        41.849195436902761        36.595209934064464        31.456839454170257        26.524995518027858        21.793548232803893        17.232063280562620        12.806058923580945        8.4812421424230351        4.2237815171948601        0.0000000000000000     
   0.0000000000000000        16.160268311526110        29.403754944175574        39.844099772185203        47.841140773863515        53.638845998047330        57.367756315000257        59.073718183786525        58.727151473251354        56.215490904012739        51.364887155400780        44.289042147580332        37.828644064202443        32.083140690029794        26.848717507241417        21.963539126752686        17.322102045722545        12.853522416782926        8.5052476913476802        4.2338196701142765        0.0000000000000000     
   0.0000000000000000        22.420016362237618        37.391345412348358        48.400690917253115        56.615498969132332        62.498439034414204        66.244132108741354        67.906714037169621        67.415910023351046        64.495245900681311        58.333945019964290        46.312908347060926        38.539070218156326        32.377970872244916        26.986140787153388        22.032103136009798        17.357507727078552        12.871947890523121        8.5145057631588905        4.2376789234251167        0.0000000000000000     
