   0.0000000000000000        23.424798441623839        39.376023998385705        51.316121752419463        60.389516121664307        67.037668903134175        71.436336130809167        73.623598152738850        73.516327238082965        70.828708826779447        64.744358280299068        52.642426304730812        44.631983657210640        38.084526927186943        32.166203447089728        26.558566823854601        21.119383525371155        15.777050681986456        10.491680599568310        5.2385160618582685        0.0000000000000000     
   0.0000000000000000        17.165050443237458        31.388433633352605        42.759530758693835        51.615158122173142        58.178076102125274        62.559960606176759        64.790602595558966        64.827569003961855        62.548954158066337        57.775300747583294        50.618560432818370        43.921557818489305        37.789697040125475        32.028780435010376        26.490003048544644        21.083978038349386        15.758625358217337        10.482422629712843        5.2346568600492489        0.0000000000000000     
   0.0000000000000000        13.853900744529607        26.266820658936766        36.738523947154547        45.159551651050876        51.530845298444063        55.870670972035747        58.190758161927931        58.496527625458256        56.807996130921737        53.233633168680925        48.178713994439207        42.688123950382945        37.163396049597189        31.705058668413002        26.320012349047033        20.993939434723252        15.711161989693416        10.458417165585423        5.2246187500170640        0.0000000000000000     
   0.0000000000000000        11.990662925920246        23.100115643306047        32.788307150176280        40.779721394104790        46.946411005422569        51.236963215068073        53.644707016664967        54.201922827083493        52.996627670001459        50.216824873114895        46.218295581376779        41.530961766317240        36.510177628668742        31.343886321757356        26.122373711994896        20.886644588063263        15.653777917003517        10.429154764210795        5.2123309792268717        0.0000000000000000     
   0.0000000000000000        11.015566367830232        21.368363174752602        30.554982052202654        38.250657934978790        44.269442659995875        48.521907269989647        50.988659436002898        51.711964630455199        50.803524960057217        48.463046156544124        44.990438859786195        40.749383744329940        36.041939477611727        31.073775770068767        25.970277065648727        20.802526522311382        15.608262248608124        10.405782470269315        5.2024804094711001        0.0000000000000000     
   0.0000000000000000        10.710170423153677        20.816479973260911        29.832714386474471        37.424527800773625        43.390122977862603        47.628407175418133        50.115534403281444        50.895886936079471        50.086219497677035        47.885699020679809        44.574787128321731        40.476328716249014        35.873893870943625        30.974840710056185        25.913757737101285        20.770961422653635        15.591074008913905        10.396921935052184        5.1987381956971213        0.0000000000000000     
   0.0000000000000000        11.015566403962968        21.368363246121305        30.554982157039433        38.250658070691074        44.269442823231984        48.521907456721713        50.988659641626612        51.711964849902756        50.803525187921906        48.463046387213836        44.990439087581073        40.749383963642330        36.041939683044447        31.073775956568010        25.970277228628802        20.802526657767569        15.608262353215054        10.405782541462305        5.2024804455077538        0.0000000000000000     
   0.0000000000000000        11.990662998951464        23.100115787552177        32.788307362061090        40.779721668387040        46.946411335328051        51.236963592456675        53.644707432231627        54.201923270586406        52.996628130514267        50.216825339295426        46.218296041745937        41.530962209542302        36.510178043841648        31.343886698664441        26.122374041368104        20.886644861808932        15.653778128401679        10.429154908080024        5.2123310520490413        0.0000000000000000     
   0.0000000000000000        13.853900857191618        26.266820881444005        36.738524273981213        45.159552074109428        51.530845807285750        55.870671554106899        58.190758802877653        58.496528309491374        56.807996841186707        53.233633887684569        48.178714704477414        42.688124633976159        37.163396689921449        31.705059249714274        26.320012857030132        20.993939856904312        15.711162315708545        10.458417387447000        5.2246188623090450        0.0000000000000000     
   0.0000000000000000        17.165050603291498        31.388433949407244        42.759531222880042        51.615158723001421        58.178076824759060        62.559961432791603        64.790603505778193        64.827569975357022        62.548955166708467        57.775301768631216        50.618561441130495        43.921558789242667        37.789697949426952        32.028781260485829        26.490003769890670        21.083978637834981        15.758625821123353        10.482422944700604        5.2346570194494983        0.0000000000000000     
   0.0000000000000000        23.424798664674327        39.376024438661936        51.316122398938774        60.389516958431585        67.037669909497069        71.436337281953428        73.623599420294539        73.516328590821033        70.828710231379944        64.744359702170470        52.642427708861987        44.631985009032569        38.084528193424759        32.166204596581764        26.558567828321465        21.119384360113909        15.777051326499453        10.491681038057099        5.2385162836674919        0.0000000000000000     
