   0.0000000000000000        19.269892122856945        31.185015945042235        39.322056222292460        44.930825421419328        48.545567427529377        50.419200437463225        50.649218615392378        49.192988691008289        45.786053138151480        39.614905375224552        28.044492891970606        21.154557142965690        16.274445408682922        12.517782146791928        9.5056168041512628        7.0294071635661712        4.9472830726932244        3.1465844616243976        1.5283319243749101        0.0000000000000000     
   0.0000000000000000        13.010145579091724        23.197428436671476        30.765469385025071        36.156472732016880        39.685980908145176        41.542831957572957        41.816230641790099        40.504238349683632        37.506306446337405        32.645855691392754        26.020634548480434        20.444138343988818        15.979621931078217        12.380364799201427        9.4370578591965479        6.9940056064159588        4.9288607313320112        3.1373284954781488        1.5244737288123926        0.0000000000000000     
   0.0000000000000000        9.6989997300134778        18.075823022974514        24.744473576008630        29.700880320167528        33.038766740573038        34.853560986753990        35.216406306778467        34.173217898498891        31.765369579762208        28.104208944367219        23.580808102462036        19.210723181137276        15.353337980762628        12.056658100557218        9.2670800154198947        6.9039774667093807        4.8814053069536518        3.1133283700441989        1.5144383002350676        0.0000000000000000     
   0.0000000000000000        7.8357666760190252        14.909127365207128        20.794270397059623        25.321067465124433        28.454353039665584        30.219876332163807        30.670380041815083        29.878639007742695        27.954027316852994        25.087426441605928        21.620414444518268        18.053584160146144        14.700140662593759        11.695504415516087        9.0694573011893329        6.7966955811948591        4.8240310747634414        3.0840725820017534        1.5021538511776322        0.0000000000000000     
   0.0000000000000000        6.8606739708684206        13.177382463925618        18.560956311286446        22.792018077898092        25.777401345687004        27.504839068158628        28.014352579571664        27.388701759854712        25.760945790037901        23.333668580076576        20.392577738485425        17.272024866046394        14.231919573214302        11.425408951486686        8.9173735279532522        6.7125879939308870        4.7785233618314376        3.0607056344841164        1.4923059667930740        0.0000000000000000     
   0.0000000000000000        6.5552794908368979        12.625502138902679        17.838692831193526        21.965893291724363        24.898087991086484        26.611346071211834        27.141235189114752        26.572632021431914        25.043648370706869        22.756329360650355        19.976933602734210        16.998976943035142        14.063880437670772        11.326479612341920        8.8608590793315472        6.6810268655492049        4.7613381366353043        3.0518471248554047        1.4885647703301630        0.0000000000000000     
   0.0000000000000000        6.8606739842458602        13.177382490170325        18.560956349411690        22.792018126501574        25.777401403032890        27.504839132274057        28.014352648350332        27.388701831160319        25.760945861799087        23.333668650367709        20.392577805588100        17.272024928489117        14.231919629790085        11.425409001249728        8.9173735701987926        6.7125880281623438        4.7785233877209663        3.0607056518317983        1.4923059754900643        0.0000000000000000     
   0.0000000000000000        7.8357667036168728        14.909127419347357        20.794270475704430        25.321067565380176        28.454353157951505        30.219876464410898        30.670380183679388        29.878639154818160        27.954027464867536        25.087426586587874        21.620414582923331        18.053584288939248        14.700140779285235        11.695504518155033        9.0694573883218794        6.7966956517966652        4.8240311281584294        3.0840726177782720        1.5021538691127216        0.0000000000000000     
   0.0000000000000000        9.6989997734421642        18.075823108160492        24.744473699738776        29.700880477887161        33.038766926649473        34.853561194787382        35.216406529936805        34.173218129852330        31.765369812591253        28.104209172424873        23.580808320173254        19.210723383727881        15.353338164316092        12.056658262004383        9.2670801524731630        6.9039775777570345        4.8814053909321622        3.1133284263075938        1.5144383284370586        0.0000000000000000     
   0.0000000000000000        13.010145640583509        23.197428557254160        30.765469560136815        36.156472955209907        39.685981171450919        41.542832251938236        41.816230957550580        40.504238677035637        37.506306775774725        32.645856014076969        26.020634856523575        20.444138630635894        15.979622190787108        12.380365027628638        9.4370580531040851        6.9940057635218036        4.9288608501303575        3.1373285750565323        1.5244737686899164        0.0000000000000000     
   0.0000000000000000        19.269892204562076        31.185016105149700        39.322056454731609        44.930825717636949        48.545567776957476        50.419200828093707        50.649219034404467        49.192989125396011        45.786053575302148        39.614905803411204        28.044493300726661        21.154557523327554        16.274445753295865        12.517782449891014        9.5056170614376398        7.0294073720085297        4.9472832302894565        3.1465845671610744        1.5283319772237229        0.0000000000000000     
