   0.0000000000000000        22.782430347181659        38.107143708756809        49.452046862814093        57.976247575798617        64.134748386762539        68.115368309234555        69.966475278503424        69.613201043381892        66.775760779645935        60.641424078352372        48.590533804133891        40.730865231719861        34.430167511225747        28.848484267598476        23.659062135214484        18.709363628991465        13.915739262553586        9.2248080896758733        4.5972035172549104        0.0000000000000000     
   0.0000000000000000        16.522682345471093        30.119553337134093        40.895455859380455        49.201889563705542        55.275155570553139        59.238992767162095        61.133479702059077        60.924442788634437        58.496006089443938        53.672366523809217        46.566667910593949        40.020439372107944        34.135337604533390        28.711061237643435        23.590498344238224        18.673958128913746        13.897313928675397        9.2155501129216226        4.5933443119422046        0.0000000000000000     
   0.0000000000000000        13.211532646859226        24.997940362895019        34.874449048079953        42.746283092863791        48.627924767173191        52.549703133322438        54.533635268709602        54.593401410375336        52.755048062493529        49.130698945041928        44.126821472287844        38.787005504014459        33.509036613965201        28.387339470964221        23.420507644631432        18.583919525167090        13.849850560036526        9.1915446487019423        4.5833062018569803        0.0000000000000000     
   0.0000000000000000        11.348294828464901        21.831235347681218        30.924232251699010        38.366452836668628        44.043490475025834        47.915995377318566        49.987584124466373        50.298796613042391        48.943679602605073        46.113890650469159        42.166403060155389        37.629843320796311        32.855818193786888        28.026167124951829        23.222869008110198        18.476624678924193        13.792466487651597        9.1622822475246437        4.5710184311627415        0.0000000000000000     
   0.0000000000000000        10.373198269528904        20.099482877451326        28.690907151251352        35.837389374322143        41.366522125701067        45.200939427750406        47.331536538824096        47.808838411058424        46.750576887056155        44.360111928179641        40.938546332873045        36.848265293286971        32.387580037519285        27.756056568500078        23.070772357574931        18.392506609670413        13.746950816538138        9.1389099517255605        4.5611678604639554        0.0000000000000000     
   0.0000000000000000        10.067802323238126        19.547599672766822        27.968639480823462        35.011259234017530        40.487202436208875        44.307439324732790        46.458411496768520        46.992760706683306        46.033271414252241        43.782764781721212        40.522894590904940        36.575210255054373        32.219534421306591        27.657121499792332        23.014253021404294        18.360941503658655        13.729762571924832        9.1300494131540368        4.5574256449898272        0.0000000000000000     
   0.0000000000000000        10.373198302440535        20.099482942448947        28.690907246709848        35.837389497862617        41.366522274252453        45.200939597628029        47.331536725821181        47.808838610551391        46.750577094119215        44.360112137707475        40.938546539706522        36.848265492339920        32.387580223903981        27.756056737646176        23.070772505341299        18.392506732445618        13.746950911327728        9.1389100162239387        4.5611678931074549        0.0000000000000000     
   0.0000000000000000        11.348294896605204        21.831235482247163        30.924232449321813        38.366453092421096        44.043490782550379        47.915995728987419        49.987584511571640        50.298797026013304        48.943680031245549        46.113891084210564        42.166403488317741        37.629843732850915        32.855818579615089        28.026167475092397        23.222869313990017        18.476624933066987        13.792466683859434        9.1622823810269836        4.5710184987274545        0.0000000000000000     
   0.0000000000000000        13.211532755096052        24.997940576626199        34.874449361942297        42.746283499027768        48.627925255542294        52.549703691784728        54.533635883438848        54.593402066174498        52.755048743172253        49.130699633817734        44.126822152201029        38.787006158345307        33.509037226644466        28.387340026966250        23.420508130340746        18.583919928710436        13.849850871572361        9.1915448606600343        4.5833063091181696        0.0000000000000000     
   0.0000000000000000        16.522682501333410        30.119553644847969        40.895456311199837        49.201890148355417        55.275156273503370        59.238993570983645        61.133480586854986        60.924443732534371        58.496007069146941        53.672367515161227        46.566668889184811        40.020440313872250        34.135338486341190        28.711062037865716        23.590499043275017        18.673958709672391        13.897314376989303        9.2155504179009746        4.5933444662457781        0.0000000000000000     
   0.0000000000000000        22.782430559393347        38.107144127515625        49.452047477554444        57.976248371188824        64.134749343047133        68.115369402712304        69.966476482114800        69.613202327380790        66.775762112338640        60.641425426883487        48.590535135298381        40.730866512780523        34.430168710716501        28.848485356093555        23.659063086046327        18.709364418901039        13.915739872260763        9.2248085043617003        4.5972037269616610        0.0000000000000000     
