   0.0000000000000000        23.161642632658896        38.856196574896529        50.552431021292946        59.400778293041533        65.848243633878525        70.075525371606204        72.124923231492915        71.916702117234735        69.167530022326289        63.062533962958369        50.981368570827911        43.032588825436008        36.586168969687748        30.805765297470344        25.369533333660886        20.131018292253010        15.013676888132252        9.9720834315328126        4.9754812958979606        0.0000000000000000     
   0.0000000000000000        16.901894628332631        30.868606198123977        41.995840010318318        50.626420271215267        56.988650805996045        61.199149816221208        63.291927640436043        63.227943846944669        60.887775316041342        56.093476392191839        48.957502661323765        42.322162950507980        36.291339048697509        30.668342254577404        25.300969531413578        20.095612782835978        14.995251547063607        9.9628254499006843        4.9716220881243878        0.0000000000000000     
   0.0000000000000000        13.590744925021230        25.746993214617017        35.974833185425169        44.170813782803961        50.341419981514264        54.509860158278443        56.692083180586081        56.896902440448898        55.146817259819642        51.551808783842553        46.517656193853298        41.088729054382931        35.665038031914037        30.344620464136327        25.130978811072907        20.005574161882620        14.947788165156883        9.9388199766655738        4.9615839734829388        0.0000000000000000     
   0.0000000000000000        11.727507104302360        22.580288194819698        32.024616382325121        39.790983517929817        45.756985678951672        49.876152390388945        52.146032023287987        52.602297629220395        51.335448785542425        48.535000474744805        44.557237767417490        39.931566857432102        35.011819598907088        29.983448106507815        24.933340164425523        19.898279307243399        14.890404086302407        9.9095575710945756        4.9492962005686554        0.0000000000000000     
   0.0000000000000000        10.752410545134744        20.848535724136987        29.791291281221554        37.261920054748387        43.080017328641432        47.161096439717156        49.489984436458442        50.112339426000887        49.142346068744303        46.781221751225829        43.329381038955361        39.149988828819687        34.543581441635737        29.713337549170152        24.781243513136634        19.814161237379047        14.844888414728210        9.8861852749882040        4.9394456297166567        0.0000000000000000     
   0.0000000000000000        10.447014599643504        20.296652521035181        29.069023613125886        36.435789917474729        42.200697642811903        46.267596340910714        48.616859399065362        49.296261726630448        48.425040601168376        46.203874610091617        42.913729302277005        38.876933795709711        34.375535830248346        29.614402484866048        24.724724180832929        19.782596134594947        14.827700172616707        9.8773247381243863        4.9357034151086703        0.0000000000000000     
   0.0000000000000000        10.752410579639294        20.848535792287823        29.791291381326783        37.261920184328027        43.080017484490355        47.161096617985237        49.489984632745603        50.112339635466171        49.142346286224537        46.781221971363408        43.329381256329768        39.149989038081031        34.543581637636592        29.713337727092323        24.781243668609463        19.814161366586848        14.844888514503889        9.8861853428900837        4.9394456640864108        0.0000000000000000     
   0.0000000000000000        11.727507173552207        22.580288331593394        32.024616583224415        39.790983777976052        45.756985991712213        49.876152748137429        52.146032417194839        52.602298049570969        51.335449221975850        48.535000916509588        44.557238203635748        39.931567277368018        35.011819992230826        29.983448463549959        24.933340476414998        19.898279566523204        14.890404286517430        9.9095577073467815        4.9492962695334297        0.0000000000000000     
   0.0000000000000000        13.590745029682097        25.746993421317100        35.974833489020291        44.170814175767205        50.341420454124801        54.509860698861708        56.692083775801251        56.896903075617189        55.146817919286264        51.551809451361564        46.517656852988381        41.088729688911471        35.665038626226988        30.344621003622173        25.130979282477632        20.005574553635846        14.947788467657011        9.9388201825154994        4.9615840776683910        0.0000000000000000     
   0.0000000000000000        16.901894771178995        30.868606480190230        41.995840424566623        50.626420807372043        56.988651450799807        61.199150553747010        63.291928452485372        63.227944713493812        60.887776215733894        56.093477302864628        48.957503560553178        42.322163816161762        36.291339859479436        30.668342990551970        25.300970174496598        20.095613317240478        14.995251959689890        9.9628257306620540        4.9716222301998325        0.0000000000000000     
   0.0000000000000000        23.161642826619467        38.856196957700739        50.552431583369334        59.400779020457989        65.848244508653579        70.075526372143699        72.124924333111295        71.916703292774358        69.167531242818711        63.062535198339106        50.981369790678080        43.032589999730519        36.586170069534802        30.805766295821922        25.369534205979331        20.131019017115232        15.013677447759598        9.9720838122372193        4.9754814884509173        0.0000000000000000     
