   0.0000000000000000        23.459604113859442        39.444778173547490        51.417131214275479        60.520293320013337        67.194993239550001        71.616333303160573        73.821835599005908        73.727923324198926        71.048453085542320        64.966839737096606        52.862166727723618        44.843572449580606        38.282754339957542        32.346188833705639        26.715878781018596        21.250148965445590        15.878050155628161        10.560427526562037        5.2733179249748154        0.0000000000000000     
   0.0000000000000000        17.199856114686426        31.457187806972563        42.860540218292407        51.745935317604207        58.335400435034231        62.739957774518842        64.988840037412544        65.039165085369405        62.768698411941891        57.997782199434916        50.838300850928221        44.133146606159784        37.987924448495534        32.208765817632894        26.647315002220722        21.214743475527399        15.859624829625714        10.551169555191628        5.2694587224049982        0.0000000000000000     
   0.0000000000000000        13.888706419883668        26.335574840272045        36.839533418087512        45.290328861154549        51.688169649001445        56.050668160567085        58.388995626014236        58.708123730594224        57.027740409437428        53.456114645477513        48.398454437184910        42.899712761773266        37.361623480187220        31.885044071208352        26.477324320352437        21.124704886553474        15.812161472417193        10.527164098765809        5.2594206162722692        0.0000000000000000     
   0.0000000000000000        12.025468606110872        23.168869834194261        32.889316635141270        40.910498622372323        47.103735377827086        51.416960428590897        53.842944508271685        54.413518961591251        53.216371979016799        50.439306380788324        46.438036054615871        41.742550607066939        36.708405086760969        31.523871749520769        26.279685705119604        21.017410058027494        15.754777413730734        10.497901706921112        5.2471328503058565        0.0000000000000000     
   0.0000000000000000        11.050372052115014        21.437117373727123        30.655991549045346        38.381435178621523        44.426767050893382        48.701904504667326        51.186896950905279        51.923560789825657        51.023269294890120        48.685527690354348        45.210179358837763        40.960972609931993        36.240166958984311        31.253761218967412        26.127589077243332        20.933292007625990        15.709261757189251        10.474529421046672        5.2372822846333005        0.0000000000000000     
   0.0000000000000000        10.744976110821760        20.885234178917852        29.933723893132758        37.555305057122389        43.547447384042641        47.808404427578424        50.313771937435583        51.107483115996871        50.305963853846258        48.108180576090092        44.794527648705369        40.687917602389874        36.072121371555923        31.154826176421928        26.071069763960338        20.901726920654632        15.692073527291877        10.465668892496740        5.2335400742340497        0.0000000000000000     
   0.0000000000000000        11.050372095019029        21.437117458469984        30.655991673527133        38.381435339763598        44.426767244716231        48.701904726389074        51.186897195059629        51.923561050395826        51.023269565457255        48.685527964254462        45.210179629326646        40.960972870350702        36.240167202923537        31.253761440425315        26.127589270773726        20.933292168472789        15.709261881403584        10.474529505583472        5.2372823274241256        0.0000000000000000     
   0.0000000000000000        12.025468694114533        23.168870008012597        32.889316890463903        40.910498952883053        47.103735775363376        51.416960883345524        53.842945009033578        54.413519496020420        53.216372533948238        50.439306942554836        46.438036609385037        41.742551141181067        36.708405587074331        31.523872203723453        26.279686102041069        21.017410387912879        15.754777668481474        10.497901880293622        5.2471329380615028        0.0000000000000000     
   0.0000000000000000        13.888706557206554        26.335575111487557        36.839533816460289        45.290329376826563        51.688170269237020        56.050668870066296        58.388996407287209        58.708124564389990        57.027741275216840        53.456115521918463        48.398455302706111        42.899713595067027        37.361624260743298        31.885044779820355        26.477324939591462        21.124705401199670        15.812161869836126        10.527164369220692        5.2594207531605690        0.0000000000000000     
   0.0000000000000000        17.199856307217157        31.457188187177156        42.860540776709499        51.745936040412047        58.335401304384078        62.739958768969231        64.988841132452350        65.039166254018483        62.768699625414321        57.997783427846088        50.838302064030685        44.133147774087796        37.987925542500832        32.208766810793861        26.647315870106787        21.214744196803696        15.859625386582714        10.551169934187106        5.2694589142061528        0.0000000000000000     
   0.0000000000000000        23.459604367826181        39.444778674915433        51.417131950548082        60.520294272972663        67.194994385673525        71.616334614188219        73.821837042628616        73.727924864852412        71.048454685279566        64.966841356521456        52.862168326960571        44.843573989256399        38.282755782171336        32.346190142962868        26.715879925107870        21.250149916234562        15.878050889762818        10.560428026054058        5.2733181776761846        0.0000000000000000     
