   0.0000000000000000        22.028343756055794        36.617913411767162        47.265055510600334        55.146327309855835        60.732734632234688        64.226242653294989        65.687154220393978        65.050036688274602        62.041826069920617        55.853658808017812        43.866828517007264        36.187158392609263        30.177627421383917        24.990841519163176        20.290151455371870        15.910926240812508        11.755528827014647        7.7550352515081808        3.8533463089749693        0.0000000000000000     
   0.0000000000000000        15.768595749839847        28.630323031222513        38.708464494014592        46.371969280657993        51.873141795333339        55.349867087395729        56.854158617518806        56.361278405095590        53.762071349951711        48.884601223088602        41.842962593210153        35.476732503632121        29.882797486975957        24.853418463872099        20.221587642118564        15.875520722123616        11.737103478704283        7.7457772649018573        3.8494870986654202        0.0000000000000000     
   0.0000000000000000        12.457446044926151        23.508710044524328        32.687457664383693        39.916362786034853        45.225910963268639        48.660577420633452        50.254314147780192        50.030236987843296        48.021113282339790        44.342933602980267        39.403116113901461        34.243298595897137        29.256496459127810        24.529696663226215        20.051596912733984        15.785482093562116        11.689640090862412        7.7217717875943279        3.8394489819498645        0.0000000000000000     
   0.0000000000000000        10.594208220905024        20.342005018187528        28.737240851640742        35.536532508616396        40.641476645528101        44.026869635263381        45.708262971088452        45.735632155751034        44.209744786217335        41.326125271580686        37.442697665256325        33.086136377389877        28.603278005773220        24.168524286994582        19.853958249726848        15.678187225252312        11.632256001403833        7.6925093747818476        3.8271612053616941        0.0000000000000000     
   0.0000000000000000        9.6191116576473767        18.610252539412514        26.503915738618034        33.007469029950144        37.964508276511289        41.311813663084152        43.052215360442801        43.245673926961203        42.016642042701335        39.572346520841712        36.214840909742740        32.304558322572831        28.135039823812523        23.898413707122803        19.701861578651506        15.594069138875692        11.586740317035623        7.6691370699466814        3.8173106300844544        0.0000000000000000     
   0.0000000000000000        9.3137157078411938        18.058369327774919        25.781648057953241        32.181338876352214        37.085188570967489        40.418313541620435        42.179090297970973        42.429596200676869        41.299336547016296        38.994999351083834        35.799189144630844        32.031503261931633        27.966994186496837        23.799478619162883        19.645342225583452        15.562504018768429        11.569552061505153        7.6602765239295199        3.8135684108367118        0.0000000000000000     
   0.0000000000000000        9.6191116835224832        18.610252590492657        26.503915813586278        33.007469126882768        37.964508392933539        41.311813796039701        43.052215506574306        43.245674082600310        42.016642203965191        39.572346683733130        36.214841070251069        32.304558476772527        28.135039967957248        23.898413837733571        19.701861692595784        15.594069233437191        11.586740389973361        7.6691371195418636        3.8173106551746727        0.0000000000000000     
   0.0000000000000000        10.594208273348862        20.342005121712866        28.737241003574741        35.536532705058796        40.641476881463632        44.026869904701101        45.708263267225036        45.735632471152940        44.209745113016439        41.326125601676893        37.442697990522156        33.086136689870074        28.603278297875747        24.168524551668987        19.853958480624780        15.678187416869235        11.632256149198877        7.6925094752737095        3.8271612561984334        0.0000000000000000     
   0.0000000000000000        12.457446126189444        23.508710204922480        32.687457899764908        39.916363090353428        45.225911328755309        48.660577838008997        50.254314606507158        50.030237476408331        48.021113788555851        44.342934114300867        39.403116617736998        34.243299079924419        29.256496911586396        24.529697073193596        20.051597270375474        15.785482390350413        11.689640319764216        7.7217719432210883        3.8394490606696103        0.0000000000000000     
   0.0000000000000000        15.768595866106924        28.630323260649249        38.708464830638896        46.371969715830744        51.873142317947867        55.349867684187942        56.854159273425687        56.361279103657530        53.762072073745557        48.884601954176283        41.842963313590815        35.476733195685483        29.882798133885146        24.853419050017813        20.221588153436095        15.875521146417142        11.737103805915590        7.7457774873313641        3.8494872111451035        0.0000000000000000     
   0.0000000000000000        22.028343919650162        36.617913734372870        47.265055983809006        55.146327921517781        60.732735366750916        64.226243492033575        65.687155142192822        65.050037670006816        62.041827087103911        55.853659835444496        43.866829529380240        36.187159365164561        30.177628330485383        24.990842342855956        20.290152173883783        15.910926836996147        11.755529286725292        7.7550355639199822        3.8533464668540347        0.0000000000000000     
