   0.0000000000000000        16.330167429192421        25.447270061607288        31.058570947776005        34.523435710754704        36.457007852364868        37.159821048664213        36.742397001003283        35.142488547250281        32.048147141962971        26.577378326057620        16.013774586884121        10.351311997092981        6.8370716225296917        4.5125392978658692        2.9415774922402966        1.8761539733177317        1.1532455925560381       0.65609353775564827       0.29579489350524230        0.0000000000000000     
   0.0000000000000000        10.071814239855502        17.462392529255126        22.505864034242613        25.753929025303620        27.602989529716485        28.289478676953998        27.915628324868397        26.459903811567433        23.774298285010012        19.613787917106873        13.994814891574276        9.6451582516085033        6.5458515803513881        4.3780729506172218        2.8753533932962445        1.8425233122741198        1.1360873128815194       0.64764699548219051       0.29233086570921674        0.0000000000000000     
   0.0000000000000000        6.7643162456279065        12.347881936066827        16.495026014249952        19.311023638976749        20.970353118510552        21.615984295593275        21.332086360378369        20.145025168164310        18.048802196593538        15.086433785559237        11.567813322213382        8.4229091924795902        5.9290015931662836        4.0620921143865676        2.7114882940705218        1.7571314709833583        1.0919412700291518       0.62576598637975778       0.28332739039658861        0.0000000000000000     
   0.0000000000000000        4.9055921847063235        9.1899559520104575        12.557378543586342        14.946892798435787        16.403958502739730        17.001800564965592        16.806186199585120        15.870398637595914        14.256545775246126        12.087317919205539        9.6232720778118406        7.2795722309423674        5.2874652927174832        3.7104881198981534        2.5214213480673049        1.6555803664756790        1.0386576595254382       0.59912957114601639       0.27231850626778908        0.0000000000000000     
   0.0000000000000000        3.9341473268222003        7.4653058565429458        10.334222225941705        12.430530410893121        13.741584535830373        14.302539859245346        14.166441076360265        13.396603167050742        12.078904998364573        10.347852647987375        8.4082602268435522        6.5091790227412201        4.8286781523271518        3.4481185075169409        2.3754503115400496        1.5761090721884718       0.99645932457023179       0.57788173785908792       0.26350257417733863        0.0000000000000000     
   0.0000000000000000        3.6301461964109745        6.9161354982520376        9.6158386564814400        11.609251612668091        12.867839360130203        13.415072951928991        13.299542965175053        12.586699017357462        11.367505398988513        9.7759726910173317        7.9975147295433562        6.2403961461562805        4.6642424475644066        3.3521401660893773        2.3212707078314581        1.5463188398188561       0.98053816147469242       0.56983265261190796       0.26015554579509503        0.0000000000000000     
   0.0000000000000000        3.9341473300083738        7.4653058627244313        10.334222234755265        12.430530421838611        13.741584548316411        14.302539872639624        14.166441090039806        13.396603180446343        12.078905010996401        10.347852659488487        8.4082602369704169        6.5091790313714970        4.8286781594463726        3.4481185131967091        2.3754503159111469        1.5761090754123068       0.99645932681170257       0.57788173926323372       0.26350257485114881        0.0000000000000000     
   0.0000000000000000        4.9055921920126817        9.1899559661834331        12.557378563791833        14.946892823526913        16.403958531360971        17.001800595667994        16.806186230940995        15.870398668300773        14.256545804200240        12.087317945567847        9.6232721010241402        7.2795722507242164        5.2874653090357411        3.7104881329169395        2.5214213580863625        1.6555803738649137        1.0386576646627930       0.59912957436398506       0.27231850781181366        0.0000000000000000     
   0.0000000000000000        6.7643162587897834        12.347881961591776        16.495026050632511        19.311023684151394        20.970353170037491        21.615984350865155        21.332086416825504        20.145025223439013        18.048802248716317        15.086433833016226        11.567813363999729        8.4229092280904947        5.9290016225420494        4.0620921378225932        2.7114883121062925        1.7571314842846342        1.0919412792761838       0.62576599217116891       0.28332739317476341        0.0000000000000000     
   0.0000000000000000        10.071814261170223        17.462392570570778        22.505864093116230        25.753929098393492        27.602989613077739        28.289478766370308        27.915628416184234        26.459903900985800        23.774298369329195        19.613787993878034        13.994814959171991        9.6451583092162281        6.5458516278724623        4.3780729885293894        2.8753534224720445        1.8425233337902513        1.1360873278380503       0.64764700484738746       0.29233087019979642        0.0000000000000000     
   0.0000000000000000        16.330167460913376        25.447270123028659        31.058571035262137        34.523435819346091        36.457007976205944        37.159821181495062        36.742397136653196        35.142488680080142        32.048147267217331        26.577378440099160        16.013774687298515        10.351312082667311        6.8370716931203876        4.5125393541825192        2.9415775355787437        1.8761540052768302        1.1532456147689851       0.65609355165964400       0.29579490016556698        0.0000000000000000     
