   0.0000000000000000        22.997001168114735        38.530976542725703        50.074657309656985        58.782238522758519        65.104195632200813        69.224318799624669        71.187544942854686        70.916256718070869        68.128668684467982        62.010845777613980        49.942749591388790        42.032604420713959        35.649425188564010        29.955304638989109        24.626269638939075        19.513224450381003        14.536537708707201        9.6473244184755220        4.8110822024892261        0.0000000000000000     
   0.0000000000000000        16.737253161188207        30.543386160832046        41.518066291163613        50.007880491197469        56.244602792603700        60.347943230830531        62.354549337021567        62.227498431998953        59.848913961782316        55.041788190231131        47.918883665461635        41.322178529961761        35.354595252739500        29.817881582619663        24.557705824907558        19.477818931165395        14.518112360070202        9.6380664316953002        4.8072229921173424        0.0000000000000000     
   0.0000000000000000        13.426103460852602        25.421773183199839        35.497059474893618        43.552274013940185        49.597371981527878        53.658653588211116        55.754704894031633        55.896457043481796        54.107955924212924        50.500120600747678        45.479037216606088        40.088744651743156        34.728294252715315        29.494159807380846        24.387715117841541        19.387780321236157        14.470648986670302        9.6140609642453683        4.7971848804027779        0.0000000000000000     
   0.0000000000000000        11.562865643428168        22.255068169906679        31.546842681342451        39.172443761419785        45.012937693814827        49.024945837297537        51.208653755413913        51.601852252175256        50.296587470606696        47.483312312559768        43.518618810804099        38.931582474643278        34.075075838289692        29.132987466609386        24.190076485915554        19.280485478824438        14.413264917252761        9.5847985650932799        4.7848971107361713        0.0000000000000000     
   0.0000000000000000        10.587769087124659        20.523315704879213        29.313517588542183        36.643380308980930        42.335969356417941        46.309889901387550        48.552606184827681        49.111894066277650        48.103484771780565        45.729533607219210        42.290762100279309        38.150004463286436        33.606837697169240        28.862876923923309        24.037979847421646        19.196367419587489        14.367749253881023        9.5614262745666529        4.7750465427075728        0.0000000000000000     
   0.0000000000000000        10.282373144221232        19.971432506887332        28.591249927949448        35.817250181414579        41.456649682256810        45.416389815919374        47.679481162110989        48.295816382557419        47.386179320441059        45.152186482507091        41.875110379804198        37.876949445762975        33.438792100369923        28.763941872852293        23.981460526673857        19.164802326401464        14.350561019177574        9.5525657427423845        4.7713043306498015        0.0000000000000000     
   0.0000000000000000        10.587769126809736        20.523315783259598        29.313517703667642        36.643380457993707        42.335969535626170        46.309890106357940        48.552606410495756        49.111894307073321        48.103485021765081        45.729533860232479        42.290762350091285        38.150004703750646        33.606837922374154        28.862877128337114        24.037980026028457        19.196367568009933        14.367749368487091        9.5614263525573442        4.7750465821826609        0.0000000000000000     
   0.0000000000000000        11.562865723601366        22.255068328249294        31.546842913910915        39.172444062439212        45.012938055826950        49.024946251347103        51.208654211271053        51.601852738588242        50.296587975579868        47.483312823649740        43.518619315425994        38.931582960381263        34.075076293201711        29.132987879521131        24.190076846694367        19.280485778627963        14.413265148745033        9.5847987226223417        4.7848971904675359        0.0000000000000000     
   0.0000000000000000        13.426103583046807        25.421773424518783        35.497059829316910        43.552274472663278        49.597372533184441        53.658654219156055        55.754705588677488        55.896457784684266        54.107956693693751        50.500121379545817        45.479037985545020        40.088745391902997        34.728294945898426        29.494160436558673        24.387715667572987        19.387780778046682        14.470649339382256        9.6140612042512981        4.7971850018710516        0.0000000000000000     
   0.0000000000000000        16.737253327529029        30.543386489285410        41.518066773513979        50.007881115457799        56.244603543308173        60.347944089413716        62.354550282275611        62.227499440596645        59.848915008853226        55.041789249974713        47.918884711783747        41.322179537116668        35.354596195963381        29.817882438739023        24.557706572908657        19.477819552710400        14.518112839948909        9.6380667582013011        4.8072231573386262        0.0000000000000000     
   0.0000000000000000        22.997001380385342        38.530976961706699        50.074657924844765        58.782239318869372        65.104196589519972        69.224319894484736        71.187546148217066        70.916258004193367        68.128670019639429        62.010847128936049        49.942750925587660        42.032605704959309        35.649426391276350        29.955305730615962        24.626270592680214        19.513225242847231        14.536538320497069        9.6473248346602496        4.8110824130075525        0.0000000000000000     
