   0.0000000000000000        23.259493823283226        39.049486939224614        50.836396165738392        59.768419241628706        66.290499833596328        70.581498578968962        72.682146689649045        72.511448314592769        69.785149377749889        63.687816032587733        51.598916834926641        43.627199801802242        37.143206318602488        31.311519731437727        25.811559517264087        20.498440501919447        15.297455982360285        10.165238638886617        5.0732614374493199        0.0000000000000000     
   0.0000000000000000        16.999745821616024        31.061896567713731        42.279805162495933        50.994061229813710        57.430907017757889        61.705123037364920        63.849151113771612        63.822690060507796        61.505394688297272        56.718758478866576        49.575050942260987        42.916773943091229        36.848376412807568        31.174096702343640        25.742995727078437        20.463035002529068        15.279030649036191        10.155980662527396        5.0694022323494945        0.0000000000000000     
   0.0000000000000000        13.688596125172742        25.940283597769049        36.258798357520220        44.538454767181719        50.783676224281727        55.015833414889954        57.249306692978642        57.491648695696739        55.764436675361608        52.177090914339175        47.135204518069180        41.683340088635660        36.222075435058436        30.850374947340036        25.573005037705741        20.372996407312026        15.231567287001488        10.131975202813440        5.0593641245504601        0.0000000000000000     
   0.0000000000000000        11.825358310456959        22.773578589826791        32.308581571831880        40.158624524845017        46.199241948825964        50.382125678009331        52.703255569827483        53.197043920912883        51.953068238929468        49.160282643555092        45.174786129472281        40.526177928117356        35.568857036179878        30.489202620695519        25.375366418134938        20.265701575175747        15.174183225523308        10.102712809066485        5.0470763576202184        0.0000000000000000     
   0.0000000000000000        10.850261756007114        21.041826128461807        30.075256484414467        37.629561079379805        43.522273619825157        47.667069751715033        50.047208009843445        50.707085746345932        49.759965551885841        47.406503950159745        43.946929430761408        39.744599928151018        35.100618905743730        30.219092087721350        25.223269788137859        20.181583523007404        15.128667567614487        10.079340522259798        5.0372257914751817        0.0000000000000000     
   0.0000000000000000        10.544865814510151        20.489942933249182        29.352988827907460        36.803430957107807        42.642953952040358        46.773569673551805        49.174082995184271        49.891008071240265        49.042660109508205        46.829156834537457        43.531277719280119        39.471544919302630        34.932573317084973        30.120157044052910        25.166750473868568        20.150018435212530        15.111479337078539        10.070479993273892        5.0334835808547567        0.0000000000000000     
   0.0000000000000000        10.850261798506210        21.041826212402924        30.075256607714490        37.629561238985403        43.522273811790797        47.667069971300911        50.047208251632625        50.707086004377317        49.759965819801039        47.406504221359569        43.946929698567970        39.744600185972274        35.100619147236202        30.219092306945967        25.223269979706661        20.181583682216328        15.128667690558817        10.079340605929445        5.0372258338261062        0.0000000000000000     
   0.0000000000000000        11.825358397154893        22.773578761061827        32.308581823350586        40.158624850417453        46.199242340403416        50.382126125923641        52.703256063029713        53.197044447244025        51.953068785420214        49.160283196744302        45.174786675738744        40.526178454014683        35.568857528768206        30.489203067860245        25.375366808885360        20.265701899916319        15.174183476290034        10.102712979721446        5.0470764439981295        0.0000000000000000     
   0.0000000000000000        13.688596259315300        25.940283862694766        36.258798746637943        44.538455270849163        50.783676830047234        55.015834107798774        57.249307455939302        57.491649509901833        55.764437520748871        52.177091770085710        47.135205363103736        41.683340902157418        36.222076197049283        30.850375639058576        25.573005642148850        20.372996909635191        15.231567674885675        10.131975466768505        5.0593642581446030        0.0000000000000000     
   0.0000000000000000        16.999746007699919        31.061896935168889        42.279805702158619        50.994061928307268        57.430907857816607        61.705123998253654        63.849152171792745        63.822691189582677        61.505395860607010        56.718759665536517        49.575052114071546        42.916775071197094        36.848377469448181        31.174097661527775        25.742996565225020        20.463035699050259        15.279031186847877        10.155981028475171        5.0694024175382237        0.0000000000000000     
   0.0000000000000000        23.259494065813346        39.049487417968358        50.836396868733615        59.768420151456546        66.290500927776918        70.581499830503134        72.682148067676977        72.511449785152678        69.785150904611612        63.687817578144873        51.598918361122529        43.627201271066959        37.143207694777779        31.311520980668128        25.811560608831911        20.498441409003668        15.297456682702276        10.165239115350552        5.0732616784768716        0.0000000000000000     
