   0.0000000000000000        5.3391965016564541E-002   5.3463137816658499E-002   5.3463232692085416E-002   5.3463232818557596E-002   5.3463232818726183E-002   5.3463232818726183E-002   5.3463232818557818E-002   5.3463232692254017E-002   5.3463137943130887E-002   5.3392059892160060E-002   7.1172926566349947E-005   9.4875595522769407E-008   1.2647239687137681E-010   1.6859260725432306E-013   2.2474127898598443E-016   2.9959096540845999E-019   3.9937062698098787E-022   5.3238409318189886E-025   7.0969998026693963E-028   0.0000000000000000     
   0.0000000000000000        7.1267547870177360E-005   7.1457423675329524E-005   7.1457803254586818E-005   7.1457803929164291E-005   7.1457803930288256E-005   7.1457803930288256E-005   7.1457803929166080E-005   7.1457803255710811E-005   7.1457424349908786E-005   7.1267927450558620E-005   1.8987647973143412E-007   3.7958038127998236E-010   6.7457927577652158E-013   1.1239672175957761E-015   1.7978604644710086E-018   2.7959549466470781E-021   4.2594521475657812E-024   6.3876479330058265E-027   9.4609473730207067E-030   0.0000000000000000     
   0.0000000000000000        9.5128028927902305E-008   9.5507944908381763E-008   9.5508957331176186E-008   9.5508959579982936E-008   9.5508959584478908E-008   9.5508959584478908E-008   9.5508959579991327E-008   9.5508957335672184E-008   9.5507947157196904E-008   9.5129041355192673E-008   3.7991822929463677E-010   1.0124272904309332E-012   2.2488151645072643E-015   4.4959915773733189E-018   8.3898443399358061E-021   1.4910926067811779E-023   2.5554565758349267E-026   4.2579746432129831E-029   6.9371398857710401E-032   0.0000000000000000     
   0.0000000000000000        1.2697725957308459E-010   1.2765295920082071E-010   1.2765520950344277E-010   1.2765521550084999E-010   1.2765521551483787E-010   1.2765521551483792E-010   1.2765521550087982E-010   1.2765520951743076E-010   1.2765296519825776E-010   1.2697950988969459E-010   6.7570562517322795E-013   2.2503166100492207E-015   5.9974370938175794E-018   1.3987963167199127E-020   2.9830100383368667E-023   5.9640772824032923E-026   1.1356730076859567E-028   2.0814759978038943E-031   3.6993848619690840E-034   0.0000000000000000     
   0.0000000000000000        1.6949033731575888E-013   1.7061699708120488E-013   1.7062149865601835E-013   1.7062151265142098E-013   1.7062151268872294E-013   1.7062151268872314E-013   1.7062151265151011E-013   1.7062149869331761E-013   1.7061701107669916E-013   1.6949483892787235E-013   1.1266737609404614E-015   4.5016121136619183E-018   1.3995495257034331E-020   3.7302663428601594E-023   8.9489727906679971E-026   1.9879496094694722E-028   4.1638752346681505E-031   8.3252308077262091E-034   1.6029124914075325E-036   0.0000000000000000     
   0.0000000000000000        4.5247350506158814E-016   4.5608038395623885E-016   4.5609719338704162E-016   4.5609725307678784E-016   4.5609725325256340E-016   4.5609725325238749E-016   4.5609725307380141E-016   4.5609719353288218E-016   4.5608044366605438E-016   4.5249031464700558E-016   3.6069386058536497E-018   1.6809586804926756E-020   5.9719977190776721E-023   1.7905797234634899E-025   4.7726999314116685E-028   1.1662029289298711E-030   2.6646707211319338E-033   5.7715835413411820E-036   1.1966999569911777E-038   0.0000000000000000     
   0.0000000000000000        1.6949033731576880E-013   1.7061699708126960E-013   1.7062149865617713E-013   1.7062151265143744E-013   1.7062151268872383E-013   1.7062151268872314E-013   1.7062151265151011E-013   1.7062149869331756E-013   1.7061701107669916E-013   1.6949483892787235E-013   1.1266737609404614E-015   4.5016121136619183E-018   1.3995495257034325E-020   3.7302663428601570E-023   8.9489727906679925E-026   1.9879496094694718E-028   4.1638752346681505E-031   8.3252308077262091E-034   1.6029124914075325E-036   0.0000000000000000     
   0.0000000000000000        1.2697725957308454E-010   1.2765295920082082E-010   1.2765520950344280E-010   1.2765521550084999E-010   1.2765521551483787E-010   1.2765521551483792E-010   1.2765521550087982E-010   1.2765520951743070E-010   1.2765296519825776E-010   1.2697950988969459E-010   6.7570562517322795E-013   2.2503166100492207E-015   5.9974370938175779E-018   1.3987963167199127E-020   2.9830100383368667E-023   5.9640772824032923E-026   1.1356730076859567E-028   2.0814759978038943E-031   3.6993848619690831E-034   0.0000000000000000     
   0.0000000000000000        9.5128028927902252E-008   9.5507944908381736E-008   9.5508957331176186E-008   9.5508959579982936E-008   9.5508959584478908E-008   9.5508959584478908E-008   9.5508959579991327E-008   9.5508957335672157E-008   9.5507947157196904E-008   9.5129041355192699E-008   3.7991822929463677E-010   1.0124272904309332E-012   2.2488151645072643E-015   4.4959915773733189E-018   8.3898443399358061E-021   1.4910926067811773E-023   2.5554565758349262E-026   4.2579746432129819E-029   6.9371398857710379E-032   0.0000000000000000     
   0.0000000000000000        7.1267547870177333E-005   7.1457423675329497E-005   7.1457803254586818E-005   7.1457803929164291E-005   7.1457803930288256E-005   7.1457803930288256E-005   7.1457803929166080E-005   7.1457803255710784E-005   7.1457424349908786E-005   7.1267927450558620E-005   1.8987647973143412E-007   3.7958038127998236E-010   6.7457927577652158E-013   1.1239672175957761E-015   1.7978604644710086E-018   2.7959549466470781E-021   4.2594521475657812E-024   6.3876479330058265E-027   9.4609473730207067E-030   0.0000000000000000     
   0.0000000000000000        5.3391965016564541E-002   5.3463137816658499E-002   5.3463232692085416E-002   5.3463232818557596E-002   5.3463232818726183E-002   5.3463232818726183E-002   5.3463232818557818E-002   5.3463232692254017E-002   5.3463137943130887E-002   5.3392059892160060E-002   7.1172926566349947E-005   9.4875595522769407E-008   1.2647239687137681E-010   1.6859260725432306E-013   2.2474127898598443E-016   2.9959096540845999E-019   3.9937062698098787E-022   5.3238409318189886E-025   7.0969998026693963E-028   0.0000000000000000     
