   0.0000000000000000        15.535834808458654        23.908213881062391        28.868976953518132        31.812769235875770        33.377794324289042        33.874115413546754        33.408519067110817        31.903354969694938        29.022187870454538        23.852665311496352        13.645636892166539        8.3633555639830117        5.2251656487697620        3.2510136173288302        1.9906647306225356        1.1896674519417583       0.68562355685820220       0.36821450043385517       0.15928384919871502        0.0000000000000000     
   0.0000000000000000        9.2806190693020412        15.929413642779352        20.324912229392957        23.053954717537245        24.535912252038521        25.016710578466949        24.594862342890380        23.233491969567723        20.760204072310707        16.899738104918651        11.635923861840002        7.6649434107776493        4.9402035539393623        3.1214279875740503        1.9281056605657283        1.1586721388255317       0.67025346193816193       0.36086510884955086       0.15633887767573978        0.0000000000000000     
   0.0000000000000000        5.9813349160668761        10.830813398739226        14.336699452160127        16.639041414195802        17.935048533523094        18.377086657844551        18.045647459919664        16.951918823474927        15.065770704078295        12.400300236091365        9.2331300628116626        6.4629618437168066        4.3397368778752092        2.8182248755117341        1.7738356128647730        1.0801796438312468       0.63078889123507609       0.34185644340377519       0.14869429331122413        0.0000000000000000     
   0.0000000000000000        4.1327635040477748        7.6925532678534045        10.427017723001338        12.309509954010299        13.407926290616189        13.804768230750941        13.562177007314098        12.718459282947308        11.311909109212728        9.4356900457906292        7.3185106449224371        5.3446763614638151        3.7184510473293058        2.4824146945485830        1.5956285630069491       0.98715642952552740       0.58329178369360801       0.31877037028120858       0.13936505788155701        0.0000000000000000     
   0.0000000000000000        3.1695321361954520        5.9838128421216155        8.2264856829014334        9.8211384568860609        10.777323665074871        11.139376548233740        10.956757512339237        10.277967903891758        9.1653297460004985        7.7241398680508206        6.1277055554101505        4.5945498056018446        3.2760465438646253        2.2328222845770762        1.4592521895554087       0.91458420474783697       0.54577473475277982       0.30039476733754622       0.13190796342258132        0.0000000000000000     
   0.0000000000000000        2.8686682377623880        5.4407193555162223        7.5167437028328017        9.0105510845010812        9.9157138999262848        10.264846284255565        10.102970450161848        9.4807846165144625        8.4657943940855880        7.1629223875725430        5.7262060969944182        4.3335080003899780        3.1178683684362642        2.1417243373278181        1.4087373741789990       0.88742914901607151       0.53164164129979663       0.29344276274394082       0.12907995837288871        0.0000000000000000     
   0.0000000000000000        3.1695321372073781        5.9838128440800888        8.2264856856795419        9.8211384603103760        10.777323668943374        11.139376552334468        10.956757516467924        10.277967907866882        9.1653297496746973        7.7241398713180605        6.1277055582082554        4.5945498079105436        3.2760465456994865        2.2328222859807036        1.4592521905870315       0.91458420547288954       0.54577473523377673       0.30039476762692829       0.13190796355770179        0.0000000000000000     
   0.0000000000000000        4.1327635073597779        7.6925532742579605        10.427017732081547        12.309509965199414        13.407926303254886        13.804768244147461        13.562177020801633        12.718459295933151        11.311909121215526        9.4356900564640540        7.3185106540633553        5.3446763690059127        3.7184510533235189        2.4824146991340461        1.5956285663770622       0.98715643189400293       0.58329178526461090       0.31877037122603291       0.13936505832241147        0.0000000000000000     
   0.0000000000000000        5.9813349241807243        10.830813414418767        14.336699474381174        16.639041441571969        17.935048564442624        18.377086690616551        18.045647492913769        16.951918855241580        15.065770733440313        12.400300262201501        9.2331300851730020        6.4629618621670790        4.3397368925389106        2.8182248867291877        1.7738356211090092        1.0801796496249580       0.63078889507758495       0.34185644571407087       0.14869429438860107        0.0000000000000000     
   0.0000000000000000        9.2806190857348518        15.929413674511576        20.324912274347053        23.053954772910526        24.535912314573935        25.016710644746908        24.594862409618827        23.233492033813551        20.760204131693492        16.899738157724954        11.635923907064829        7.6649434480925649        4.9402035835961824        3.1214280102609422        1.9281056772392486        1.1586721505426159       0.67025346970839861       0.36086511352010930       0.15633887985241701        0.0000000000000000     
   0.0000000000000000        15.535834836934743        23.908213935980360        28.868977031282540        31.812769331646749        33.377794432439643        33.874115528169867        33.408519182508194        31.903355080798409        29.022187973147904        23.852665402816612        13.645636970375794        8.3633556285133679        5.2251657000565697        3.2510136565621295        1.9906647594564006        1.1896674722037071       0.68562357029356069       0.36821450850675186       0.15928385295665734        0.0000000000000000     
