   0.0000000000000000        23.314747710680862        39.158633285984507        50.996745732913517        59.976021362531299        66.540239919618926        70.867224324983027        72.996819845258045        72.847318256620554        70.133944183832625        64.040946328698283        51.947687381207963        43.963023598227792        37.457815958477887        31.597170807048510        26.061221085367308        20.705967941496365        15.457742014495642        10.274338817673682        5.1284910480438128        0.0000000000000000     
   0.0000000000000000        17.054999706014293        31.171042908562018        42.440154720996645        51.201663339494289        57.680647090288225        61.990848767949416        64.163824252394505        64.158559984411568        61.854189475564780        57.071888755934708        49.923821469740858        43.252597721419193        37.162986035734562        31.459747762572057        25.992657281743305        20.670562430941800        15.439316672555385        10.265080835456871        5.1246318399854331        0.0000000000000000     
   0.0000000000000000        13.743850007799974        26.049429935123449        36.419147910893372        44.746056870229069        51.033416288837564        55.301559136355934        57.563979821564196        57.827518608891843        56.113231451513457        52.530221180158300        47.483975034443759        42.019163856275156        36.536685047976661        31.136025998485501        25.822666584436476        20.580523829133863        15.391853305434271        10.241075372284403        5.1145937304378988        0.0000000000000000     
   0.0000000000000000        11.880612192382568        22.882724925797092        32.468931123174201        40.366226625266371        46.448982010226430        50.667851395868595        53.017928694444691        53.532913829875909        52.301863010689942        49.513412904931982        45.523556641462960        40.862001691539092        35.883466645150364        30.774853668259837        25.625027961738880        20.473228994401346        15.334469241953329        10.211812977176074        5.1023059628194218        0.0000000000000000     
   0.0000000000000000        10.905515638002448        21.150972464570678        30.235606035962096        37.837163180068856        43.772013681549936        47.952795469948001        50.361881134874750        51.042955655753730        50.108760324110889        47.759634212009885        44.295699943222189        40.080423692027978        35.415228515143340        30.504743135677707        25.472931332086631        20.389110942521594        15.288953584268956        10.188440690523249        5.0924553967526940        0.0000000000000000     
   0.0000000000000000        10.600119696977767        20.599089270291522        29.513338380827506        37.011033059575098        42.892694015906116        47.059295394236287        49.488756122917692        50.226877983534472        49.391454884733108        47.182287099426979        43.880048234745033        39.807368686074540        35.247182929198701        30.405808094475503        25.416412019974558        20.357545856521430        15.271765355120362        10.179580162482358        5.0887131866109456        0.0000000000000000     
   0.0000000000000000        10.905515681443749        21.150972550374064        30.235606162000135        37.837163343222343        43.772013877787245        47.952795694425127        50.361881382054989        51.042955919543900        50.108760598011116        47.759634489273601        44.295700217022514        40.080423955624951        35.415228762050830        30.504743359822772        25.472931527959489        20.389111105311194        15.288953709981213        10.188440776078352        5.0924554400586448        0.0000000000000000     
   0.0000000000000000        11.880612280154981        22.882725099157369        32.468931377820624        40.366226954895168        46.448982406691734        50.667851849384306        53.017929193825339        53.532914362811695        52.301863564049675        49.513413465085840        45.523557194618071        40.862002224079177        35.883467143971146        30.774854121091920        25.625028357450567        20.473229323272829        15.334469495916046        10.211813150009966        5.1023060503017827        0.0000000000000000     
   0.0000000000000000        13.743850141601168        26.049430199381277        36.419148299040515        44.746057372653368        51.033416893122904        55.301559827587447        57.563980582694626        57.827519421160630        56.113232294907363        52.530222033904252        47.483975877519640        42.019164667927697        36.536685808232619        31.136026688643952        25.822667187530211        20.580524330348148        15.391853692472365        10.241075635670779        5.1145938637474266        0.0000000000000000     
   0.0000000000000000        17.054999888196122        31.171043268324773        42.440155249379579        51.201664023408114        57.680647912833543        61.990849708827497        64.163825288404553        64.158561090019816        61.854190623532162        57.071889917986894        49.923822617264435        43.252598826165702        37.162987070516856        31.459748701934025        25.992658102588216        20.670563113102467        15.439317199294191        10.265081193882253        5.1246320213739747        0.0000000000000000     
   0.0000000000000000        23.314747943313705        39.158633745219745        50.996746407290544        59.976022235348708        66.540240969317608        70.867225525665560        72.996821167322807        72.847319667487085        70.133945648743790        64.040947811574512        51.947688845536092        43.963025007959502        37.457817278918114        31.597172005710298        26.061222132772791        20.705968811904967        15.457742686542680        10.274339274907014        5.1284912793575845        0.0000000000000000     
