   0.0000000000000000        19.882376899896009        32.388110487397057        41.073231192320264        47.169238012565799        51.195331479960331        53.393323749159791        53.853900208732632        52.531953465136624        49.164616428950396        42.943502807574603        31.241476112782419        24.148136100079753        19.003744209305445        14.933059471617623        11.567775416501545        8.7089737782193168        6.2230752694409066        4.0042932115539447        1.9592366521611249        0.0000000000000000     
   0.0000000000000000        13.622629044253955        24.400520402938991        32.516640607424762        38.394880536427749        42.335739299640025        44.516948922759013        45.020905405859608        43.843196019204122        40.884862560287772        35.974446065720684        29.217611003108701        23.437710977625102        18.708914977559871        14.795637041401422        11.499212139527433        8.6735686981925113        6.2046502555320027        3.9950354503822458        1.9553775553183423        0.0000000000000000     
   0.0000000000000000        10.311479749314341        19.278908222707365        26.495634954448924        31.939275550812091        35.688510261378383        37.827661279516811        38.421063129190003        37.512156901808879        35.143906836368458        31.432780772159333        26.777766776003602        22.204279195725348        18.082615903261658        14.471916982706663        11.329222907890713        8.5835312970792863        6.1571878048448170        3.9710306055442590        1.9453397571102904        0.0000000000000000     
   0.0000000000000000        8.4482424337015942        16.112204196519954        22.545419601082820        27.559447145222059        31.104078169105630        33.193956005111048        33.875014674478876        33.217554924972283        31.332541250736064        28.415975330814792        24.817351125924503        21.047119619582073        17.429399878868260        14.110746772975800        11.131586108162928        8.4762379561385650        6.0998048817510728        3.9417689799981450        1.9330523770132342        0.0000000000000000     
   0.0000000000000000        7.4731462804125073        14.380452524229341        20.312095664819743        25.030385175841658        28.427111594441779        30.478902057369723        31.218969258268658        30.727598997908203        29.139440853300069        26.662198909502276        23.589496625913441        20.265543694202240        16.961163654208885        13.840637938775190        10.979490938329317        8.3921211002838909        6.0542901370133109        3.9183973093640234        1.9232021211303447        0.0000000000000000     
   0.0000000000000000        7.1677504836215729        13.828569613540367        19.589828423128772        24.204255585000347        27.547792557551574        29.585402689765917        30.345845012293896        29.911522127259566        28.422136228871857        26.084852603902043        23.173845696616652        19.992489421782949        16.793118740603838        13.741703495599207        10.922972139226973        8.3605564338601184        6.0371022276747581        3.9095369968862554        1.9194600194590450        0.0000000000000000     
   0.0000000000000000        7.4731462950959635        14.380452553092571        20.312095706885280        25.030385229710994        28.427111658366670        30.478902129336483        31.218969336090513        30.727599079319322        29.139440936044650        26.662198991414208        23.589496704981485        20.265543768618333        16.961163722398858        13.840637999411861        10.979490990331279        8.3921211428025657        6.0542901694123774        3.9183973311960516        1.9232021321137585        0.0000000000000000     
   0.0000000000000000        8.4482424643921838        16.112204256844279        22.545419688994617        27.559447257797441        31.104078302691033        33.193956155498867        33.875014837100089        33.217555095092564        31.332541423641985        28.415975501980270        24.817351291146732        21.047119775083033        17.429400021357935        14.110746899680873        11.131586216823415        8.4762380449808603        6.0998049494457938        3.9417690256114195        1.9330523999591918        0.0000000000000000     
   0.0000000000000000        10.311479799084132        19.278908320518052        26.495635096973178        31.939275733306950        35.688510477921582        37.827661523289677        38.421063392787914        37.512157177559040        35.143907116632029        31.432781049600344        26.777767043810094        22.204279447773139        18.082616134217940        14.471917188075109        11.329223084007118        8.5835314410680361        6.1571879145511090        3.9710306794568062        1.9453397942867465        0.0000000000000000     
   0.0000000000000000        13.622629118457230        24.400520548718795        32.516640819803285        38.394880808335330        42.335739622256334        44.516949285929478        45.020905798556669        43.843196429999608        40.884862977803557        35.974446479029417        29.217611402062762        23.437711353100951        18.708915321611972        14.795637347330173        11.499212401872004        8.6735689126665321        6.2046504189235954        3.9950355604423793        1.9553776106578979        0.0000000000000000     
   0.0000000000000000        19.882377005367502        32.388110694445345        41.073231493859133        47.169238398566478        51.195331937911931        53.393324264656151        53.853900766126927        52.531954048211873        49.164617021559266        42.943503394208690        31.241476679038939        24.148136633008722        19.003744697627994        14.933059905822285        11.567775788833757        8.7089740825899664        6.2230755012846650        4.0042933676735837        1.9592367305993319        0.0000000000000000     
