   0.0000000000000000        23.385080193855323        39.297565723615776        51.200855806294939        60.240281362446225        66.858140724883498        71.230935889767650        73.397384222807801        73.274870384764824        70.577954975156544        64.490482062105499        52.391678995023810        44.390539247231487        37.858330123610756        31.960823338136549        26.379059811142429        20.970168890630962        15.661801845739124        10.413234742541938        5.1988043288869576        0.0000000000000000     
   0.0000000000000000        17.125332184972578        31.309975337881653        42.644264782180485        51.465923323627692        57.998547876576922        62.354560311032238        64.564388606051324        64.586112087060684        62.298200240419483        57.521424462550783        50.367813057103056        43.680113344957931        37.563500177017886        31.823400272012563        26.310495988605400        20.934763364362748        15.643376491670447        10.403976752078725        5.1949451166625238        0.0000000000000000     
   0.0000000000000000        13.814182483348533        26.188362357713558        36.623257962197307        45.010316841578074        51.351317059753498        55.665270661857576        57.964544155864743        58.255070690887152        56.557242194925657        52.979756865071465        47.927966600376763        42.446679459186093        36.937199169940911        31.499678490390906        26.140505275978271        20.844724749825534        15.595913114722968        10.379971282222428        5.1849070037344207        0.0000000000000000     
   0.0000000000000000        11.950944665244425        23.021657343082349        32.673041166688307        40.630486586534374        46.766882769020093        51.031562907506213        53.418493013481942        53.960465895585138        52.745873737194628        49.962948572732671        45.967548190499969        41.289517278186224        36.283980751883107        31.138506146340365        25.942866641202045        20.737429905056835        15.538529043493886        10.350708881842774        5.1726192334486285        0.0000000000000000     
   0.0000000000000000        10.975848108700806        21.289904877583446        30.439716073201673        38.101423133216485        44.089914430578631        48.316506970417720        50.762445441617182        51.470507708344492        50.552771036996958        48.209169866027466        44.739691478650940        40.507939265576560        35.815742609609231        30.868395602624489        25.790770001822409        20.653311845094471        15.493013379569197        10.327336590943926        5.1627686652330631        0.0000000000000000     
   0.0000000000000000        10.670452165785701        20.738021679570917        29.717448412584005        37.275293005626551        43.210594756401520        47.423006884946915        49.889320418916114        50.654430024661806        49.835465585719007        47.631822741400903        44.324039758282979        40.234884248177892        35.647697012946431        30.769460551694372        25.734250681211364        20.621746752032262        15.475825144968130        10.318476059192921        5.1590264532135830        0.0000000000000000     
   0.0000000000000000        10.975848148357684        21.289904955912995        30.439716188263084        38.101423282163807        44.089914609732858        48.316507175357607        50.762445667288937        51.470507949185809        50.552771287074023        48.209170119180683        44.739691728646861        40.507939506261245        35.815742835059737        30.868395807295109        25.790770180680930        20.653311993746456        15.493013494366053        10.327336669071673        5.1627687047799364        0.0000000000000000     
   0.0000000000000000        11.950944744894542        23.021657500402270        32.673041397777396        40.630486885675296        46.766883128823288        51.031563319092754        53.418493466702600        53.960466379269221        52.745874239425525        49.962949081140366        45.967548692565593        41.289517761550655        36.283981204651283        31.138506557374374        25.942867000395648        20.737430203584736        15.538529274029075        10.350709038735873        5.1726193128634073        0.0000000000000000     
   0.0000000000000000        13.814182603635809        26.188362595285401        36.623258311154785        45.010317293284430        51.351317603049992        55.665271283337979        57.964544840205050        58.255071421221444        56.557242953260726        52.979757632729857        47.927967358456186        42.446680189024903        36.937199853577809        31.499679111007616        26.140505818314573        20.844725200555601        15.595913462784573        10.379971519089462        5.1849071236236002        0.0000000000000000     
   0.0000000000000000        17.125332346795609        31.309975657449151        42.644265251540290        51.465923931159324        57.998548607273165        62.354561146865407        64.564389526414061        64.586113069272187        62.298201260282390        57.521425494946953        50.367814076611374        43.680114326480592        37.563501096398426        31.823401106631309        26.310496717937550        20.934763970485392        15.643376959706471        10.403977070567077        5.1949452778442291        0.0000000000000000     
   0.0000000000000000        23.385080397700911        39.297566126040110        51.200856397264815        60.240282127332875        66.858141644798863        71.230936942021671        73.397385381461390        73.274871621267934        70.577956259049131        64.490483361767701        52.391680278453507        44.390540482832748        37.858331280972017        31.960824388780047        26.379060729226559        20.970169653588684        15.661802434837675        10.413235143353019        5.1988045316656342        0.0000000000000000     
