   0.0000000000000000        20.824802450654392        34.243433441965962        43.783748185141533        50.651680206576849        55.344547805861765        58.086783810303615        58.956715472212757        57.902094567584776        54.658011514527345        48.418735154863612        36.563854760554747        29.192984607844537        23.658832627555825        19.100185060727739        15.163570928985013        11.665081501767480        8.4858654182676112        5.5343235700383762        2.7306457613140314        0.0000000000000000     
   0.0000000000000000        14.565054434927475        26.255843042651335        35.227157140927488        41.877322141473570        46.484954925543434        49.210408194419713        50.123719813898092        49.213336224776498        46.378256732135569        41.449677506216915        34.539988773315450        28.482558657301979        23.364002635048934        18.962761952335697        15.095007069054628        11.629675944098491        8.4674400397509917        5.5250655628402647        2.7267865405925944        0.0000000000000000     
   0.0000000000000000        11.253904729180714        21.134230054268777        29.206150308706448        35.421715643279811        39.837724088850877        42.521118521912989        43.523875337275939        42.882294799531920        40.637298655518805        36.908009876260266        32.100142283558526        27.249124738830339        22.737701596542117        18.639040141511479        14.925016330386594        11.539637307548947        8.4199766455757157        5.5010600811462140        2.7167484216383770        0.0000000000000000     
   0.0000000000000000        9.3906669078412612        17.967525033174780        25.255933503529935        31.041885375414228        35.253289782236465        37.887410748781690        38.977824173456824        38.587689980478821        36.825930172172008        33.891201557001395        30.139723846121441        26.091962530380819        22.084483151957372        18.277867772696990        14.727377673438191        11.432342443975761        8.3625925595910164        5.4717976706080016        2.7044606461748231        0.0000000000000000     
   0.0000000000000000        8.4155703466693978        16.235772558468433        23.022608396359757        28.512821904103909        32.576321421737383        35.172354785903991        36.321776572507765        36.097731761406123        34.632827438056296        32.137422815063658        28.911867098593810        25.310384482590568        21.616244975990586        18.007757197774602        14.575281006305239        11.348224360604675        8.3170768773760937        5.4484253671551146        2.6946100715718622        0.0000000000000000     
   0.0000000000000000        8.1101743959245844        15.683889344937244        22.300340712817828        27.686691746612656        31.697001711258615        34.278854658457405        35.448651503031542        35.281654027165757        33.915521933585183        31.560075635867396        28.496215323624376        25.037329411955398        21.448199328865872        17.908822100535030        14.518761644836118        11.316659233308261        8.2998886161653296        5.4395648172081970        2.6908678503152506        0.0000000000000000     
   0.0000000000000000        8.4155703668478452        16.235772598231186        23.022608454545672        28.512821979033610        32.576321511279701        35.172354887555969        36.321776683485425        36.097731878739239        34.632827558684184        32.137422935926907        28.911867216718150        25.310384595159306        21.616245080405513        18.007757291703047        14.575281087714743        11.348224427786398        8.3170769289587021        5.4484254021114040        2.6946100892196974        0.0000000000000000     
   0.0000000000000000        9.3906669487581667        17.967525113800541        25.255933621507250        31.041885527336689        35.253289963782748        37.887410954877552        38.977824398458196        38.587690218364102        36.825930416736185        33.891201802042076        30.139724085608130        26.091962758603177        22.084483363647486        18.277867963125214        14.727377838483699        11.432342580174005        8.3625926641621469        5.4717977414706755        2.7044606819487385        0.0000000000000000     
   0.0000000000000000        11.253904791905349        21.134230177854455        29.206150489531922        35.421715876121070        39.837724367084732        42.521118837764135        43.523875682095614        42.882295164092895        40.637299030312668        36.908010251782216        32.100142650567221        27.249125088574374        22.737701920948005        18.639040433330599        14.925016583302950        11.539637516252647        8.4199768058072859        5.5010601897190305        2.7167484764445176        0.0000000000000000     
   0.0000000000000000        14.565054520943175        26.255843212088934        35.227157388806148        41.877322460629287        46.484955306899558        49.210408627321790        50.123720286494859        49.213336724423542        46.378257245802800        41.449678020878189        34.539989276305654        28.482559136626776        23.364003079642600        18.962762352262381        15.095007415656559        11.629676230096567        8.4674402593067484        5.5250657115901625        2.7267866156628067        0.0000000000000000     
   0.0000000000000000        20.824802561185500        34.243433659570513        43.783748503405427        50.651680616305761        55.344548295410206        58.086784366000700        58.956716078849922        57.902095208934639        54.658012173866481        48.418735815473013        36.563855406177900        29.192985223085294        23.658833198209194        19.100185574038164        15.163571373836504        11.665081868812447        8.4858657000073201        5.5343237608701905        2.7306458575669006        0.0000000000000000     
