   0.0000000000000000        16.998521676089169        26.746099365568661        32.915552344387464        36.838240434024627        39.109952547272187        40.021718363402897        39.684521349433361        38.045646544037616        34.810028169208906        29.117619108654775        18.276464524117021        12.304960095370625        8.4723212892554773        5.8381261958607418        3.9791550070121740        2.6546482858838951        1.7033523184416630        1.0054129565012186       0.46495806105811877        0.0000000000000000     
   0.0000000000000000        10.739208689289454        18.759357044183748        24.360180253118784        28.065413202058593        30.252131156470028        31.147276763091764        30.853542706261265        29.358912461147668        26.532237275919542        22.150408729463148        16.254286198204280        11.596032988840069        8.1787851398663278        5.7017869642232331        3.9114687481010137        2.6199234225373287        1.6854227208548469       0.99647761134508717       0.46125764151425785        0.0000000000000000     
   0.0000000000000000        7.4291979083220561        13.639964361442072        18.342364694976311        21.613814496564540        23.609538165375042        24.463050441742741        24.258978883540856        23.033170663769198        20.796420780605757        17.613577371797405        13.818858124859872        10.366523158299824        7.5558714893925503        5.3809028393498481        3.7437756530591177        2.5316669134537939        1.6392573348428026       0.97331689530437393       0.45163528240976414        0.0000000000000000     
   0.0000000000000000        5.5673678753869460        10.476003789050562        14.396092521703558        17.238938133549006        19.030836552487660        19.835601317028519        19.719454970178049        18.745116549466609        16.991407646912918        14.602747020608195        11.863901158135706        9.2142113975824529        6.9068400952445899        5.0232380516831565        3.5489770476586973        2.4265748874214443        1.5834776806713644       0.94509867636716649       0.43986141634511516        0.0000000000000000     
   0.0000000000000000        4.5934102369024394        8.7464716159447899        12.165958682897283        14.713882447926363        16.358506029721010        17.125608697060770        17.068688014956759        16.260457950565474        14.803446487209913        12.853804545100354        10.640462822306372        8.4365574341679590        6.4419893048331565        4.7559651611589189        3.3991780233240481        2.3442389311935754        1.5392600065894544       0.92257113865018936       0.43042660166132585        0.0000000000000000     
   0.0000000000000000        4.2884493110671116        8.1954364725766897        11.444909941301741        13.889283110052368        15.480957793556245        16.234042569193189        16.197579944703435        15.446404461169791        14.088104858237495        12.278304623663651        10.226498699113673        8.1650012001818872        6.2752374955181534        4.6581139371526445        3.3435362607821237        2.3133544971602173        1.5225675258962106       0.91403325065101804       0.42684318157591022        0.0000000000000000     
   0.0000000000000000        4.5934102418508029        8.7464716255701198        12.165958696682051        14.713882465153034        16.358506049532096        17.125608718526543        17.068688037144351        16.260457972602225        14.803446508335622        12.853804564704216        10.640462839946593        8.4365574495739857        6.4419893178923138        4.7559651718900806        3.3991780318433409        2.3442389376756521        1.5392600112290469       0.92257114162733522       0.43042660311302672        0.0000000000000000     
   0.0000000000000000        5.5673678864788965        10.476003810623455        14.396092552595674        17.238938172151823        19.030836596879702        19.835601365127157        19.719455019893388        18.745116598843715        16.991407694248565        14.602747064533878        11.863901197661541        9.2142114321022675        6.9068401245057522        5.0232380757280115        3.5489770667472813        2.4265749019450151        1.5834776910661894       0.94509868303680222       0.43986141959697378        0.0000000000000000     
   0.0000000000000000        7.4291979280670137        13.639964399834948        18.342364749944551        21.613814565244986        23.609538244350453        24.463050527309285        24.258978971982025        23.033170751607827        20.796420864812525        17.613577449938049        13.818858195173600        10.366523219708260        7.5558715414461366        5.3809028821237259        3.7437756870156491        2.5316669392886544        1.6392573533318959       0.97331690716580432       0.45163528819167342        0.0000000000000000     
   0.0000000000000000        10.739208721592274        18.759357106964355        24.360180342978801        28.065413314318459        30.252131285547264        31.147276902936106        30.853542850801009        29.358912604701565        26.532237413537505        22.150408857167342        16.254286313117206        11.596033089199363        8.1787852249369344        5.7017870341276966        3.9114688035944529        2.6199234647559981        1.6854227510660014       0.99647763072214213       0.46125765095548915        0.0000000000000000     
   0.0000000000000000        16.998521725518337        26.746099461534520        32.915552481690042        36.838240605522898        39.109952744446019        40.021718577015989        39.684521570214343        38.045646763310913        34.810028379414483        29.117619303717206        18.276464699641352        12.304960248664823        8.4723214191965965        5.8381263026355406        3.9791550917733494        2.6546483503657621        1.7033523645779101        1.0054129860818390       0.46495807545663392        0.0000000000000000     
