   0.0000000000000000        22.331803895725432        37.217136028366461        48.144856901251842        56.284453589669340        62.100467488163261        65.789174417132458        67.406106522471731        66.882093077764637        63.941446525863981        57.773843044034784        45.760295329739051        38.007509858921935        31.880469282936851        26.534834331157377        21.637970728119086        17.030113587896135        12.619219808203685        8.3425529752258285        4.1506528218915522        0.0000000000000000     
   0.0000000000000000        16.072055887862604        29.229545644601831        39.588265879976490        47.510095554456306        53.240874644102377        56.912798843140770        58.573110910803834        58.193334785337974        55.661691796440408        50.804785449687728        43.736429396792715        37.297083961278275        31.585639340537718        26.397411268718557        21.569406908704035        16.994708064148032        12.600794456028197        8.3332949860154422        4.1467936102794489        0.0000000000000000     
   0.0000000000000000        12.760906185834239        24.107932663612566        33.567259058747872        41.054489070735258        46.593643825187655        50.223509191470583        51.973266457745325        51.862293385958154        49.920733747464240        46.263117848525368        41.296582936273467        36.063650071707883        30.959338329770766        26.073689483634816        21.399416192961802        16.904669446955239        12.553331076984929        8.3092895147065811        4.1367554966049962        0.0000000000000000     
   0.0000000000000000        10.897668366058603        20.941227645664984        29.617042258336166        36.674658809293945        42.009209526687059        45.589801428140525        47.427215305362225        47.567688579854220        46.109365278377012        43.246309544545625        39.336164514757932        34.906487879368015        30.306119900969936        25.712517129729100        21.201777549491823        16.797374594901441        12.495947000091004        8.2800271104505185        4.1244677243496888        0.0000000000000000     
   0.0000000000000000        9.9225718069285200        19.209475175045519        27.383717157300474        34.145595346158025        39.332241176369919        42.874745477380330        44.771167718337203        45.077730376313745        43.916262561123375        41.492530820439057        38.108307785590611        34.124909849959153        29.837881742847419        25.442406571529894        21.049680897379936        16.713256524302174        12.450431327916807        8.2566548139189671        4.1146171532769822        0.0000000000000000     
   0.0000000000000000        9.6171758609504678        18.657591970972195        26.661449487754417        33.319465206966761        38.452921488175335        41.981245375791104        43.898042677785796        44.261652673464553        43.198957089817618        40.915183675407590        37.692656044943448        33.851854812915064        29.669836127674010        25.343471503703441        20.993161561930727        16.681691418855351        12.433243083718235        8.2477942756190039        4.1108749379370497        0.0000000000000000     
   0.0000000000000000        9.9225718404664427        19.209475241267111        27.383717254525287        34.145595471928658        39.332241327520236        42.874745650118882        44.771167908347095        45.077730578863338        43.916262771187547        41.492531032825696        38.108307995070334        34.124910051393670        29.837881931314644        25.442406742442017        21.049681046592077        16.713256648209565        12.450431423537683        8.2566548789617151        4.1146171861894896        0.0000000000000000     
   0.0000000000000000        10.897668434437856        20.941227780677259        29.617042456551374        36.674659065700574        42.009209834829221        45.589801780289861        47.427215692718363        47.567688992772062        46.109365706612451        43.246309977514528        39.336164941799439        34.906488290007189        30.306120285172437        25.712517478141873        21.201777853664943        16.797374847485983        12.495947195008956        8.2800272430324089        4.1244677914356274        0.0000000000000000     
   0.0000000000000000        12.760906291543243        24.107932872314365        33.567259365129047        41.054489467045343        46.593644301448563        50.223509735738475        51.973267056420553        51.862294024135082        49.920734409311464        46.263118517685115        41.296583596269286        36.063650706350373        30.959338923550796        26.073690022096191        21.399416663043695        16.904669837298954        12.553331378197591        8.3092897195762099        4.1367556002599288        0.0000000000000000     
   0.0000000000000000        16.072056034348911        29.229545933755887        39.588266304413985        47.510096103436155        53.240875303805360        56.912799597026549        58.573111740038605        58.193335669278461        55.661692713160491        50.804786376531212        43.736430310938189        37.297084840301281        31.585640162955428        26.397412014505583        21.569407559767363        16.994708604751892        12.600794873161394        8.3332952696946769        4.1467937537814104        0.0000000000000000     
   0.0000000000000000        22.331804086265855        37.217136404299971        48.144857452953929        56.284454303184745        62.100468345540989        65.789175396884787        67.406107600128493        66.882094226502687        63.941447717191352        57.773844248509896        45.760296517704603        38.007511001235088        31.880470351677680        26.534835300298553        21.637971574142654        17.030114290345850        12.619220350163099        8.3425533437180519        4.1506530082074029        0.0000000000000000     
