   0.0000000000000000        23.124470915509036        38.782769859769573        50.444560047320110        59.261122959400311        65.680247135481139        69.883328983864430        71.913263883897258        71.690795322213589        68.932941084357878        62.825040675184169        50.746818806178794        42.806756542593611        36.374612179495095        30.613689473381001        25.201663603369941        19.991483521587682        14.905908469145562        9.8987312225926267        4.9383487421556476        0.0000000000000000     
   0.0000000000000000        16.864722904733412        30.795179470291295        41.887969017699817        50.486764913447750        56.820654278585977        61.006953395294744        63.080268256301309        63.002037012929719        60.653186337584728        55.855983063432262        48.722952856200926        42.096330628700350        36.079782222007246        30.476266397356802        25.133099772173253        19.956077988115691        14.887483109508612        9.8894732283358699        4.9344895280082923        0.0000000000000000     
   0.0000000000000000        13.553573201270336        25.673566486488092        35.866962192372696        44.031158424474697        50.173423453427894        54.317663736576890        56.480423795596103        56.670995605519153        54.912228280410936        51.314315454116880        46.283106387774140        40.862896731652278        35.453481204357381        30.152544606127549        24.963109051142649        19.866039366588229        14.840019727158509        9.8654677547999476        4.9244514132163042        0.0000000000000000     
   0.0000000000000000        11.690335381369888        22.506861468307150        31.916745391646291        39.651328162671987        45.588989154557893        49.683955972909665        51.934372642945121        52.376390799247730        51.100859811278312        48.297507150224334        44.322687966476018        39.705734539645285        34.800262775978993        29.791372252699006        24.765470408163790        19.758744514996703        14.782635650656694        9.8362053508295872        4.9121636411121452        0.0000000000000000     
   0.0000000000000000        10.715238823061544        20.775108999321315        29.683420293034594        37.122264702715199        42.912020808124986        46.968900026671378        49.278325060995449        49.886432601233764        48.907757099882829        46.543728432171797        43.094831243409622        38.924156516225267        34.332024623569126        29.521261699772730        24.613373760728408        19.674626448333843        14.737119981554045        9.8128330564048341        4.9023130711111707        0.0000000000000000     
   0.0000000000000000        10.409842878398866        20.223225797855847        28.961152627342017        36.296134568551494        42.032701126034702        46.075399932140606        48.405200028308741        49.070354906883679        48.190451637517093        45.966381296309386        42.679179511934720        38.651101488122592        34.163979016870037        29.422326639722911        24.556854432140948        19.643061348637275        14.719931741826176        9.8039725211628372        4.8985708573240094        0.0000000000000000     
   0.0000000000000000        10.715238859224321        20.775109070746900        29.683420397949210        37.122264838518731        42.912020971457416        46.968900213496653        49.278325266701557        49.886432820746435        48.907757327790748        46.543728662859955        43.094831471197878        38.924156735507879        34.332024828952648        29.521261886209132        24.613373923638683        19.674626583720837        14.737120086100180        9.8128331275525547        4.9023131071236783        0.0000000000000000     
   0.0000000000000000        11.690335453999520        22.506861611755362        31.916745602347397        39.651328435402682        45.588989482569893        49.683956348097837        51.934373056047633        52.376391240074980        51.100860268963373        48.297507613491632        44.322688423918294        39.705734980005289        34.800263188425177        29.791372627093544        24.765470735311165        19.758744786869862        14.782635860593929        9.8362054936967507        4.9121637134247056        0.0000000000000000     
   0.0000000000000000        13.553573310949576        25.673566703098807        35.866962510521887        44.031158836271700        50.173423948682988        54.317664303053178        56.480424419311007        56.670996271088768        54.912228971429272        51.314316153559922        46.283107078419590        40.862897396502873        35.453481827059747        30.152545171374626        24.963109545050116        19.866039777036619        14.840020044091105        9.8654679704694779        4.9244515223714931        0.0000000000000000     
   0.0000000000000000        16.864723052277292        30.795179761641112        41.887969445583565        50.486765467249128        56.820654944602552        61.006954157072975        63.080269095040343        63.002037907944199        60.653187266814307        55.855984003985114        48.722953784917607        42.096331522723993        36.079783059346155        30.476267157425799        25.133100436300154        19.956078540001471        14.887483535629915        9.8894735182806492        4.9344896747349143        0.0000000000000000     
   0.0000000000000000        23.124471101288655        38.782770226485844        50.444560585799287        59.261123656284852        65.680247973534946        69.883329942389807        71.913264939242339        71.690796448353922        68.932942253538783        62.825041858603385        50.746819974696557        42.806757667450398        36.374613233019190        30.613690429669056        25.201664438924851        19.991484215897209        14.905909005189988        9.8987315872711186        4.9383489266324219        0.0000000000000000     
