   0.0000000000000000        21.788481562942941        36.144380831037410        46.570055735412424        54.247721228062119        59.653527807430812        62.993932785883054        64.332963586872083        63.608057319825583        60.548107141738996        54.345265870307188        42.380902927774422        34.760002835669326        28.843840013753194        23.782517081580092        19.236164402275257        15.036305583792295        11.080932266590551        7.2963264646088142        3.6212774356220772        0.0000000000000000     
   0.0000000000000000        15.528733548895975        28.156790435068729        38.013464696199321        45.473363169593171        50.793934935336360        54.117557179735968        55.499967939687210        54.919298989366226        52.268352372684745        47.376208235696211        40.357036954922393        34.049576899471759        28.549010035121412        23.645093986149810        19.167600553954777        15.000900035970627        11.062506895797959        7.2870684627218587        3.6174182175997487        0.0000000000000000     
   0.0000000000000000        12.217583841727839        23.035177443923473        31.992457860033021        39.017756666495274        44.146704093051184        47.428267501243475        48.900123456982783        48.588257558219397        46.527394290582890        42.834540600854503        37.917190460999741        32.816142977606845        27.922708993984415        23.321372173395901        18.997609813955783        14.910861398565281        11.015043501115311        7.2630629807568408        3.6073800985296796        0.0000000000000000     
   0.0000000000000000        10.354346017747915        19.868472417663366        28.042241047388099        34.637926389175973        39.562269775387648        42.794559715904384        44.354072280254819        44.293652726007146        42.716025794247003        39.817732269146788        35.956772011959465        31.658980758633895        27.269490540117687        22.960199796635784        18.799971150437454        14.803566529795702        10.957659411280517        7.2338005676785606        3.5950923218046671        0.0000000000000000     
   0.0000000000000000        9.3792494550859296        18.136719940057993        25.808915936066683        32.108862912681928        36.885301408938574        40.079503746602462        41.698024672703717        41.803694500434631        40.522923053978801        38.063953521599345        34.728915259502649        30.877402706670360        26.801252360750368        22.690089219051671        18.647874481309078        14.719448445000197        10.912143728110280        7.2104282636472909        3.5852417469309232        0.0000000000000000     
   0.0000000000000000        9.0738535059228536        17.584836729683644        25.086648257240370        31.282732761433916        36.005981706176740        39.186003628261716        40.824899613597843        40.987616777658296        39.805617561844414        37.486606355340690        34.313263497752203        30.604347649177221        26.633206726304927        22.591154133631399        18.591355130408814        14.687883326657879        10.894955473919868        7.2015677185307005        3.5814995281354962        0.0000000000000000     
   0.0000000000000000        9.3792494822439938        18.136719993658176        25.808916014702497        32.108863014302287        36.885301530910205        40.079503885787375        41.698024825548480        41.803694663070019        40.522923222323371        38.063953691468136        34.728915426713314        30.877402867146181        26.801252510616717        22.690089354724652        18.647874599573953        14.719448543079114        10.912143803718484        7.2104283150370012        3.5852417729224308        0.0000000000000000     
   0.0000000000000000        10.354346072655964        19.868472526028114        28.042241206362952        34.637926594612594        39.562270021962377        42.794559997273595        44.354072589235955        44.293653054777984        42.716026134558035        39.817732612537924        35.956772349976021        31.658981083034540        27.269490843069789        22.960200070894082        18.799971389503046        14.803566728053166        10.957659564111733        7.2338006715521530        3.5950923743392540        0.0000000000000000     
   0.0000000000000000        12.217583925516628        23.035177609272726        31.992458102589872        39.017756979926844        44.146704469235303        47.428267930502976        48.900123928361026        48.588258059784302        46.527394809749609        42.834541124717404        37.917190976660720        32.816143472492939        27.922709456145874        23.321372591778879        18.997610178644965        14.910861700993470        11.015043734238130        7.2630631391910185        3.6073801786519617        0.0000000000000000     
   0.0000000000000000        15.528733663135238        28.156790660464768        38.013465026799764        45.473363596762674        50.793935448006806        54.117557764722584        55.499968582061179        54.919299672869172        52.268353080168694        47.376208949574824        40.357037657619252        34.049577573852943        28.549010664901708        23.645094556264169        19.167601050889260        15.000900448048430        11.062507213419075        7.2870686785555447        3.6174183267282789        0.0000000000000000     
   0.0000000000000000        21.788481708868389        36.144381118805654        46.570056157403002        54.247721773256934        59.653528461711048        62.993933532428912        64.332964406637345        63.608058192065350        60.548108044572629        54.345266781293461        42.380903824484150        34.760003696237014        28.843840817395442        23.782517809069624        19.236165036362763        15.036306109571889        11.080932671806107        7.2963267399040532        3.6212775747449166        0.0000000000000000     
