   0.0000000000000000        23.042331015235625        38.620516910953590        50.206197420105724        58.952531167290736        65.309037938228499        69.458656668347146        71.445598496371645        71.191663568719036        68.414641405663360        62.300339619678340        50.228636255192953        42.307847580052012        35.907253439317266        30.189377646701466        24.830833451147541        19.683252228464912        14.667852506919974        9.7367010846586020        4.8563259842772748        0.0000000000000000     
   0.0000000000000000        16.782583006976317        30.632926526433945        41.649606397760152        50.178173130747737        56.449445092643870        60.582281092708499        62.612602883006979        62.502905274615031        60.134886674643504        55.331282023864844        48.204770320946253        41.597421681295813        35.612423496000652        30.051954583535270        24.762269631180764        19.647846704320287        14.649427154480144        9.7274430952938431        4.8524667726003798        0.0000000000000000     
   0.0000000000000000        13.471433305634342        25.511313546816314        35.628599578576676        43.722566649722211        49.802214277039226        53.892991444912617        56.012758434321576        56.171863880024674        54.393928630773587        50.789614428008889        45.764923865803205        40.363987797028912        34.986122490315978        29.728232803162022        24.592278919631436        19.557808090668047        14.601963778207669        9.7034376258908885        4.8424286598983910        0.0000000000000000     
   0.0000000000000000        11.608195487494598        22.344608532111316        31.678382782953257        39.342736394521665        45.217779986105640        49.259283690318625        51.466707291655382        51.877259084402191        50.582560172690684        47.772806135294559        43.804505455536152        39.206825615635175        34.332904071872420        29.367060458746877        24.394640284524520        19.450513245615134        14.544579706752355        9.6741752253531423        4.8301408895308970        0.0000000000000000     
   0.0000000000000000        10.633098930686415        20.612856066087616        29.445057688690962        36.813672940192134        42.540811646437227        46.544227751813423        48.810659718215248        49.387300895463198        48.389457470711136        46.019027426766428        42.576648741868269        38.425247601256700        33.864665927925714        29.096949913498516        24.242543643794370        19.366395184521750        14.499064041948477        9.6508029338527024        4.8202903210096846        0.0000000000000000     
   0.0000000000000000        10.327702987388324        20.060972867316764        28.722790026955000        35.987542811147605        41.661491970500592        45.650727664317287        47.937534693269185        48.571223209367702        47.672152016909706        45.441680299566642        42.160997018940954        38.152192581376696        33.696620328922819        28.998014860430487        24.186024321304103        19.334830089889575        14.481875806129551        9.6419424012699810        4.8165481085682416        0.0000000000000000     
   0.0000000000000000        10.633098969580860        20.612856142907404        29.445057801526097        36.813673086243526        42.540811822088280        46.544227952720917        48.810659939416780        49.387301131500152        48.389457715763371        46.019027674795922        42.576648986767594        38.425247836999816        33.864666148715969        29.096950113911348        24.242543818910200        19.366395330046842        14.499064154319722        9.6508030103238411        4.8202903597160933        0.0000000000000000     
   0.0000000000000000        11.608195565863735        22.344608686892869        31.678383010295505        39.342736688783027        45.217780339999280        49.259284095093889        51.466707737315161        51.877259559949124        50.582560666399331        47.772806634999860        43.804505948933922        39.206826090584315        34.332904516694398        29.367060862512275        24.394640637321622        19.450513538793345        14.544579933133843        9.6741753794070764        4.8301409675043399        0.0000000000000000     
   0.0000000000000000        13.471433424587012        25.511313781737044        35.628599923609492        43.722567096301361        49.802214814105426        53.892992059187264        56.012759110634292        56.171864601687865        54.393929379993835        50.789615186326230        45.764924614545194        40.363988517771162        34.986123165334888        29.728233415871163        24.592279454988777        19.557808535545476        14.601964121713678        9.7034378596369990        4.8424287782002180        0.0000000000000000     
   0.0000000000000000        16.782583168053293        30.632926844499394        41.649606864865206        50.178173735291679        56.449445819657228        60.582281924219117        62.612603798482716        62.502906251469341        60.134887688792816        55.331283050321993        48.204771334436536        41.597422656879040        35.612424409685346        30.051955412868033        24.762270355798428        19.647847306450675        14.649427619380319        9.7274434116153099        4.8524669326709367        0.0000000000000000     
   0.0000000000000000        23.042331219578351        38.620517314297466        50.206198012348096        58.952531933726981        65.309038859888105        69.458657722453239        71.445599656901038        71.191664807043125        68.414642691254073        62.300340920862027        50.228637539930084        42.307848816726654        35.907254597514715        30.189378697955888        24.830834369641380        19.683252991664013        14.667853096129917        9.7367014854925991        4.8563261870363030        0.0000000000000000     
