   0.0000000000000000        23.405594630986762        39.338089326634574        51.260390490178608        60.317360829773435        66.950866605602670        71.337024526097082        73.514222943285475        73.399581877606465        70.707468171851588        64.621607782477980        52.521188488657387        44.515243696021898        37.975159147822680        32.066900574182469        26.471773702568303        21.047236952588047        15.721326824520101        10.453751291534763        5.2193150556124142        0.0000000000000000     
   0.0000000000000000        17.145846620818592        31.350498938366339        42.703799462344918        51.543002786142779        58.091273751509860        62.460648940743923        64.681227319242936        64.710823572127197        62.427713429042299        57.652550174752150        50.497322542668265        43.804817785981243        37.680329193955146        31.929477501455324        26.403209874261954        21.011831421526281        15.702901466751456        10.444493298555695        5.2154558421168602        0.0000000000000000     
   0.0000000000000000        13.834696918038372        26.228885955915985        36.682792639010813        45.087396299756698        51.444042929471657        55.771359285604888        58.081382862489448        58.379782168946157        56.686755376272814        53.110882569908384        48.057476078669936        42.571383893208903        37.054028180321566        31.605755713882072        26.233219156434743        20.921792802668122        15.655438086468129        10.420487826430183        5.2054177280408513        0.0000000000000000     
   0.0000000000000000        11.971459098898691        23.062180939239852        32.732575840498754        40.707566040826094        46.859608634063783        51.137651525907010        53.535331714219950        54.085177367362149        52.875386912019586        50.094074270967774        46.097057662274345        41.414221705933592        36.400809756386153        31.244583364496343        26.035580516996671        20.814497954025477        15.598054012247950        10.391225424015335        5.1931299567251425        0.0000000000000000     
   0.0000000000000000        10.996362541406530        21.330428471867648        30.499250744260586        38.178502583946937        44.182640291339233        48.422595583919495        50.879284136961047        51.595219174365340        50.682284205845633        48.340295558213157        44.869200944451983        40.632643687573804        35.932571608726441        30.974472815891602        25.883483873345192        20.730379890513099        15.552538345582075        10.367853131251115        5.1832793875654612        0.0000000000000000     
   0.0000000000000000        10.690966597588091        20.778545272070936        29.776983081022223        37.352372452964737        43.303320613082271        47.529095493781952        50.006159109121796        50.779141485199759        49.964978748874934        47.762948427824433        44.453549218394457        40.359588664697924        35.764526006933693        30.875537760304731        25.826964548665007        20.698814794069328        15.535350108369785        10.358992597723102        5.1795371746465415        0.0000000000000000     
   0.0000000000000000        10.996362579255702        21.330428546626749        30.499250854077566        38.178502726105805        44.182640462328926        48.422595779520549        50.879284352350297        51.595219404234300        50.682284444530538        48.340295799835332        44.869201183061762        40.632643917297493        35.932571823910884        30.974473011243134        25.883484044060669        20.730380032397925        15.552538455153385        10.367853205822728        5.1832794253123744        0.0000000000000000     
   0.0000000000000000        11.971459174840813        23.062181089236375        32.732576060831050        40.707566326043803        46.859608977121617        51.137651918340069        53.535332146351550        54.085177828541937        52.875387390885265        50.094074755725089        46.097058140986960        41.414222166817140        36.400810188098326        31.244583756416905        26.035580859488938        20.814498238674055        15.598054232065909        10.391225573615230        5.1931300324485177        0.0000000000000000     
   0.0000000000000000        13.834697032541150        26.228886182064045        36.682792971189713        45.087396729745926        51.444043446649701        55.771359877210962        58.081383513936686        58.379782864179553        56.686756098164579        53.110883300678601        48.057476800324920        42.571384587983275        37.054028831116639        31.605756304687112        26.233219672721837        20.921793231750890        15.655438417814771        10.420488051923087        5.2054178421734427        0.0000000000000000     
   0.0000000000000000        17.145846774537304        31.350499241930834        42.703799908202733        51.543003363256346        58.091274445624400        62.460649734735327        64.681228193536256        64.710824505177484        62.427714397863561        57.652551155483636        50.497323511161170        43.804818718393321        37.680330067338247        31.929478294320759        26.403210567111056        21.011831997331736        15.702901911379225        10.444493601116712        5.2154559952387203        0.0000000000000000     
   0.0000000000000000        23.405594824158317        39.338089707989873        51.260391050211354        60.317361554621911        66.950867477368860        71.337025523279522        73.514224041303734        73.399583049404669        70.707469388564874        64.621609014140304        52.521189704941783        44.515244866985142        37.975160244643533        32.066901569871987        26.471774572635734        21.047237675645640        15.721327382813623        10.453751671388968        5.2193152477901146        0.0000000000000000     
