   0.0000000000000000        22.579631039364507        37.706585371481182        48.863681395545086        57.214684752528036        63.218884144022411        67.067905393838686        68.813349435764323        68.382928322995355        65.498723407790521        59.349113651521456        47.314771290753015        39.503017434994504        33.280379286356421        27.804944951150254        22.747323398439189        17.951724380441991        13.330711368779266        8.8266746218859922        4.3956790241757462        0.0000000000000000     
   0.0000000000000000        16.319883027951718        29.718994980730422        40.307090364036739        48.440326704105345        54.359291284120417        58.191529801785350        59.980353804278280        59.694170009498677        57.218968656576280        52.380056035204944        45.290905336199373        38.792591516631923        32.985549324624621        27.667521871224537        22.678759563794031        17.916318844075001        13.312286006886863        8.8174166260818740        4.3918198092385152        0.0000000000000000     
   0.0000000000000000        13.008733323579925        24.597381995124366        34.286083536046448        41.984720211660878        47.712060454753626        51.502240138210077        53.380509338172189        53.363128596264616        51.478010593290932        47.838388419635834        42.851058861530980        37.559157613512539        32.359248301232029        27.343800074734695        22.508768838128802        17.826280218668238        13.264822621522889        8.7934111504847188        4.3817816933992706        0.0000000000000000     
   0.0000000000000000        11.145495502526444        21.430676974660010        30.335866731952674        37.604889945477481        43.127626150583211        46.868532368438338        48.834458178749330        49.068523782708866        47.666642116532174        44.821580107958965        40.890640432481831        36.401995413983386        31.706029865754054        26.982627714815578        22.311130189442210        17.718985362306924        13.207438541320926        8.7641487439873647        4.3694939200130420        0.0000000000000000     
   0.0000000000000000        10.170398942888619        19.698924503043060        28.102541629463961        35.075826480481197        40.450657798058650        44.153476415191925        46.178410589034101        46.578565576351551        45.473539396413017        43.067801381012615        39.662783700570756        35.620417381989682        31.237791705261021        26.712517154507367        22.159033535521239        17.634867290228829        13.161922868020522        8.7407764466975948        4.3596433485592438        0.0000000000000000     
   0.0000000000000000        9.8650029968048063        19.147041298765636        27.380273959629235        34.249696340935259        39.571338109464875        43.259976313182619        45.305285548064461        45.762487873107148        44.756233924752188        42.490454235679138        39.247131959681766        35.347362344766175        31.069746089967108        26.613582086611601        22.102514200043256        17.603302184780958        13.144734623835735        8.7319159084144804        4.3559011332302182        0.0000000000000000     
   0.0000000000000000        10.170398976211128        19.698924568848746        28.102541726099957        35.075826605527681        40.450657948393143        44.153476587070358        46.178410778185736        46.578565778087281        45.473539605742985        43.067801592770806        39.662783909543023        35.620417583042148        31.237791893465698        26.712517325261601        22.159033684658965        17.634867414120230        13.161922963658228        8.7407765117667289        4.3596433814898745        0.0000000000000000     
   0.0000000000000000        11.145495569662916        21.430677107237948        30.335866926638722        37.604890197394809        43.127626453441138        46.868532714694098        48.834458559799891        49.068524189108281        47.666642538228785        44.821580534545873        40.890640853455174        36.401995819000867        31.706030244887803        26.982628058793431        22.311130489871385        17.718985611875127        13.207438733970406        8.7641488750568861        4.3694939863436399        0.0000000000000000     
   0.0000000000000000        13.008733425470075        24.597382196318065        34.286083831475324        41.984720593921082        47.712060914299158        51.502240663596766        53.380509916347606        53.363129212897306        51.478011233130175        47.838389066891843        42.851059500266288        37.559158228034619        32.359248876476983        27.343800596632988        22.508769293945168        17.826280597307427        13.264822913794600        8.7934113493210297        4.3817817940176340        0.0000000000000000     
   0.0000000000000000        16.319883165903025        29.718995253084955        40.307090763913862        48.440327221478967        54.359291906072372        58.191530512829665        59.980354586753307        59.694170844011197        57.218969522488209        52.380056911148323        45.290906200605946        38.792592348264108        32.985550103094823        27.667522577490629        22.678760180618919        17.916319356441143        13.312286402356609        8.8174168950961302        4.3918199453464908        0.0000000000000000     
   0.0000000000000000        22.579631214275082        37.706585716653017        48.863681902235612        57.214685408037028        63.218884931989834        67.067906294652232        68.813350427053564        68.382929380195577        65.498724504758599        59.349114761189000        47.314772385796616        39.503018488509028        33.280380272512680        27.804945845822125        22.747324179786325        17.951725029434577        13.330711869655529        8.8266749625354155        4.3956791964522139        0.0000000000000000     
