   0.0000000000000000        21.359232611309690        35.297290338877310        45.327575505717668        52.642638433788647        57.727942747251461        60.797969676392839        61.923270906587462        61.046160649904380        57.898679773281160        51.674380743455195        39.754324145908548        32.241566760533999        26.493965711554896        21.656874695254839        17.384518929732494        13.501543521281473        9.8982704304607143        6.4926965856521628        3.2148770850040993        0.0000000000000000     
   0.0000000000000000        15.099484600391950        27.309699949043804        36.770984475440841        43.868280386769193        48.868349888759319        51.921594085584204        53.090275276021273        52.357402336869981        49.618925021981219        44.705323126465828        37.730458190111889        31.531140840431078        26.199135747709086        21.519451613003881        17.315955092737962        13.466137982735006        9.8798450667419679        6.4834385885304950        3.2110178693731068        0.0000000000000000     
   0.0000000000000000        11.788334894952573        22.188086961285368        30.749977644191809        37.412673889940848        42.221119053876137        45.232304415375580        46.490430802214334        46.026360914960613        43.877966949189627        40.163655500757322        35.290611704920948        30.297706926702570        25.572834713952844        21.195729806748247        17.145964358259306        13.376099349803972        9.8323816754422868        6.4594331088299146        3.2009797514360527        0.0000000000000000     
   0.0000000000000000        9.9250970714376763        19.021381935924204        26.799760832822940        33.032843614197418        37.636684737996731        40.598596631929794        41.944379627390219        41.731756084571842        40.066598454520026        37.146847170501033        33.330193257081653        29.140544708667893        24.919616260770816        20.834557430446729        16.948325695014020        13.268804481170058        9.7749975856547238        6.4301706957543523        3.1886919747028903        0.0000000000000000     
   0.0000000000000000        8.9500005082707439        17.289629457306386        24.566435719978720        30.503780135670489        34.959716369011360        37.883540659605842        39.288332016362858        39.241797855118520        37.873495710035790        35.393068418492405        32.102336500028699        28.358966652100527        24.451378076931661        20.564446848669220        16.796229022116542        13.184686393167283        9.7294818999608310        6.4067983899818772        3.1788413989403219        0.0000000000000000     
   0.0000000000000000        8.6446045580141497        16.737746244759201        23.844168037929926        29.677649980197391        34.080396661088194        36.990040535255332        38.415206950509557        38.425720124991713        37.156190210106047        34.815721244173673        31.686684730152066        28.085911586627372        24.283332434871987        20.465511756219637        16.739709664982058        13.153121269578467        9.7122936416780128        6.3979378420595250        3.1750991787182468        0.0000000000000000     
   0.0000000000000000        8.9500005331082519        17.289629506297373        24.566435791783078        30.503780228341370        34.959716480061417        37.883540786088155        39.288332154963598        39.241798002256274        37.873495861966049        35.393068571410936        32.102336650170699        28.358966795833879        24.451378210839636        20.564446969623404        16.796229127338052        13.184686480276655        9.7294819670169979        6.4067984355105736        3.1788414219523764        0.0000000000000000     
   0.0000000000000000        9.9250971226673954        19.021382036968323        26.799760980913828        33.032843805318109        37.636684967017146        40.598596892773216        41.944379913222548        41.731756388008165        40.066598767838556        37.146847485856455        33.330193566710420        29.140545005079275        24.919616536918443        20.834557679878710        16.948325911999206        13.268804660801253        9.7749977239294328        6.4301707896341469        3.1886920221514750        0.0000000000000000     
   0.0000000000000000        11.788334975569029        22.188087120275032        30.749977877189309        37.412674190622596        42.221119414171667        45.232304825726104        46.490431251870618        46.026361392306143        43.877967442078187        40.163655996847652        35.290612192000225        30.297707392986712        25.572835148356560        21.195730199120852        17.145964699583832        13.376099632360022        9.8323818929339097        6.4594332564812298        3.2009798260542484        0.0000000000000000     
   0.0000000000000000        15.099484714586563        27.309700174202952        36.770984805361309        43.868280812493630        48.868350398863925        51.921594666539960        53.090275912613279        52.357403012655446        49.618925719765791        44.705323828778937        37.730458879664120        31.531141500539135        26.199136362678345        21.519452168462173        17.315955575917293        13.466138382702583        9.8798453745830379        6.4834387974884411        3.2110179749490926        0.0000000000000000     
   0.0000000000000000        21.359232763305908        35.297290638396788        45.327575944487492        52.642638999903539        57.727943425530775        60.797970448855821        61.923271753009857        61.046161548427719        57.898680701046700        51.674381677235417        39.754325062715949        32.241567638186091        26.493966529182629        21.656875433746137        17.384519572106676        13.501544052995907        9.8982708396547796        6.4926968633379278        3.2148772252234439        0.0000000000000000     
