   0.0000000000000000        23.339755657627130        39.208033101324212        51.069320461874412        60.069983194894796        66.653274287617052        70.996546985058998        73.139245529404661        72.999339193670082        70.291816548494339        64.200782482232228        52.105551627050431        44.115029091901931        37.600220385546763        31.726468476046108        26.174229173487660        20.799904776832854        15.530295476014546        10.323723177886665        5.1534908674702091        0.0000000000000000     
   0.0000000000000000        17.080007651502033        31.220442721026554        42.512729445738259        51.295625166398906        57.793681451722733        62.120171420519071        64.306249928277197        64.310580912643204        62.012061831072018        57.231724900202934        50.081685706434413        43.404603206286602        37.305390454555550        31.589045424083405        26.105665363323212        20.764499260844339        15.511870129880283        10.314465192818339        5.1496316579713426        0.0000000000000000     
   0.0000000000000000        13.768857952193326        26.098829745428390        36.491722632464558        44.840018693031539        51.146450645339584        55.430881783284889        57.706405491236737        57.979539530497377        56.271103800141844        52.690057317464394        47.641839264263282        42.171169334525814        36.679089460600963        31.265323654372644        25.935674661102738        20.674460654954029        15.464406759607927        10.290459727502617        5.1395935473398806        0.0000000000000000     
   0.0000000000000000        11.905620136004508        22.932124734578998        32.541505842509252        40.460188445175220        46.562016363249285        50.797174038818852        53.160354359737319        53.684934746808239        52.459735354467284        49.673249037328688        45.681420866435531        41.014007165124539        36.025871053405837        30.904151320181910        25.738036034941288        20.567165817343589        15.407022693905404        10.261197330883025        5.1273057789567797        0.0000000000000000     
   0.0000000000000000        10.930523581086838        21.200372272291215        30.308180753738608        37.931124997961064        43.885048032148035        48.082118110125464        50.504306797115255        51.194976569429926        50.266632664508450        47.919470340986329        44.453564164818445        40.232429162363914        35.557632920356014        30.634040784838504        25.585939402876804        20.483047763459822        15.361507034674093        10.237825043177793        5.1174552123575072        0.0000000000000000     
   0.0000000000000000        10.625127639646873        20.648489077192007        29.585913097399789        37.104994875909242        43.005728364630954        47.188618032271883        49.631181782800518        50.378898894695766        49.549327222520404        47.342123225762265        44.037912453734123        39.959374153901628        35.389587332062405        30.535105741504715        25.529420088902896        20.451482675912985        15.344318804331529        10.228964514324625        5.1137130018047134        0.0000000000000000     
   0.0000000000000000        10.930523623696292        21.200372356451993        30.308180877364570        37.931125157993520        43.885048224633110        48.082118330312191        50.504307039573035        51.194976828182504        50.266632933180190        47.919470612959678        44.453564433396423        40.232429420935439        35.557633162558254        30.634041004713925        25.585939595020314        20.483047923151304        15.361507157994783        10.237825127105847        5.1174552548400953        0.0000000000000000     
   0.0000000000000000        11.905620221866155        22.932124904166322        32.541506091615446        40.460188767635117        46.562016751095513        50.797174482478880        53.160354848269677        53.684935268171088        52.459735895814816        49.673249585327270        45.681421407591650        41.014007686116955        36.025871541414141        30.904151763202229        25.738036422082139        20.567166139094784        15.407022942371679        10.261197499977571        5.1273058645469014        0.0000000000000000     
   0.0000000000000000        13.768858082534514        26.098830002854623        36.491723010580621        44.840019182475970        51.146451234018599        55.430882456670318        57.706406232722657        57.979540321808052        56.271104621781191        52.690058149195238        47.641840085605779        42.171170125261298        36.679090201270391        31.265324326756193        25.935675248669007        20.674461143268161        15.464407136687901        10.290459984114548        5.1395936772215514        0.0000000000000000     
   0.0000000000000000        17.080007828026119        31.220443069620714        42.512729957723309        51.295625829094767        57.793682248756213        62.120172332223021        64.306250932171309        64.310581983986481        62.012062943470198        57.231726026258293        50.081686818419897        43.404604276828039        37.305391457306953        31.589046334375684        26.105666158772863        20.764499921906410        15.511870640332551        10.314465540165076        5.1496318337552296        0.0000000000000000     
   0.0000000000000000        23.339755881686550        39.208033543643310        51.069321111419043        60.069984035581768        66.653275298682942        70.996548141561874        73.139246802833355        72.999340552644213        70.291817959535905        64.200783910588797        52.105553037551289        44.115030449823536        37.600221657468346        31.726469630672998        26.174230182423308        20.799905615280210        15.530296123391043        10.323723618341074        5.1534910902997559        0.0000000000000000     
