   0.0000000000000000        11.008614857042904        15.328003062682113        17.043518205472019        17.691613680253951        17.905202568097103        17.922810609012849        17.771878988968805        17.298515565672492        16.062856872852535        12.980759273556828        5.0546093325122694        1.9721606049271654       0.73493675921037149       0.25538141296091010        8.1916558572117812E-002   2.4184484889682778E-002   6.5759772617647767E-003   1.6481043994539841E-003   3.6731932251099541E-004   0.0000000000000000     
   0.0000000000000000        4.9475791466664703        7.7133838462779654        8.9941262845673329        9.5145243169079166        9.6923332285920942        9.7075236384012307        9.5830847881508099        9.2077159210643345        8.3080069709577753        6.4433432342180286        3.3607514573569333        1.4957784329445931       0.59469645853216280       0.21392810200029383        7.0009624669550768E-002   2.0928781122303231E-002   5.7379563336866111E-003   1.4463603600850332E-003   3.2363540550870237E-004   0.0000000000000000     
   0.0000000000000000        2.1403692290507221        3.5380726489761445        4.2607869460087935        4.5762034969055865        4.6888427593878319        4.6990138337020078        4.6213641661863942        4.3974576568224091        3.9025236765843117        3.0007451325058638        1.7623803384283525       0.86038604762620041       0.36450260599827944       0.13690709332723780        4.6163695392245373E-002   1.4096756985102696E-002   3.9253868431052465E-003   1.0010414052984045E-003   2.2589262194694853E-004   0.0000000000000000     
   0.0000000000000000       0.86935198638583944        1.4842731271086862        1.8264671770844159        1.9843967501316051        2.0430164466283145        2.0486114812612164        2.0088261830765348        1.8983525872554035        1.6688140675530660        1.2839973087974015       0.79959244185804668       0.41465127410501323       0.18457099325655155        7.2021928813313374E-002   2.5002419842775833E-002   7.8071979687062134E-003   2.2119879058746664E-003   5.7181497801450393E-004   1.3036177446836060E-004   0.0000000000000000     
   0.0000000000000000       0.35008166086628811       0.60975964008351036       0.76198430751661839       0.83541406978373833       0.86358221473567909       0.86641448873903304       0.84758537978020743       0.79689193692560023       0.69649208527953144       0.53751162373045347       0.34647977776745581       0.18743318789180752        8.6748603948251124E-002   3.4980321085878910E-002   1.2472841331856941E-002   3.9799022992753749E-003   1.1475320643294408E-003   3.0089165328603791E-004   6.9353995625001671E-005   0.0000000000000000     
   0.0000000000000000       0.21355407350784006       0.37560517521046066       0.47321548876861474       0.52145558527464519       0.54030848740698678       0.54226301317094272       0.52977699314258309       0.49672950718576409       0.43295883487052833       0.33488865594878003       0.21945408791417778       0.12133690244787079        5.7365227976385672E-002   2.3565747183910964E-002   8.5344410832611968E-003   2.7583194172941974E-003   8.0372389427655656E-004   2.1257093653495850E-004   4.9327044535005719E-005   0.0000000000000000     
   0.0000000000000000       0.35008165964499205       0.60975963786764364       0.76198430462546052       0.83541406651105976       0.86358221129513080       0.86641448527793830       0.84758537642538445       0.79689193382335088       0.69649208260042361       0.53751162162494937       0.34647977629588961       0.18743318698995659        8.6748603465717056E-002   3.4980320859872821E-002   1.2472841238585667E-002   3.9799022650824512E-003   1.1475320531022556E-003   3.0089164996675746E-004   6.9353994778073661E-005   0.0000000000000000     
   0.0000000000000000       0.86935198424011406        1.4842731232158570        1.8264671720053296        1.9843967443823047        2.0430164405841147        2.0486114751809206        2.0088261771829341        1.8983525818055074        1.6688140628465269        1.2839973050985454       0.79959243927286794       0.41465127252068545       0.18457099240886082        7.2021928416278524E-002   2.5002419678922541E-002   7.8071979086383574E-003   2.2119878861515578E-003   5.7181497218346776E-004   1.3036177298060008E-004   0.0000000000000000     
   0.0000000000000000        2.1403692268811074        3.5380726450407214        4.2607869408743380        4.5762034910936364        4.6888427532777737        4.6990138275554596        4.6213641602285787        4.3974576513131352        3.9025236718264953        3.0007451287667255        1.7623803358150241       0.86038604602462598       0.36450260514136379       0.13690709292588424        4.6163695226610534E-002   1.4096756924382036E-002   3.9253868231678979E-003   1.0010413994041068E-003   2.2589262044320549E-004   0.0000000000000000     
   0.0000000000000000        4.9475791462251228        7.7133838454777806        8.9941262835231282        9.5145243157257298        9.6923332273492573        9.7075236371509845        9.5830847869389952        9.2077159199438476        8.3080069699902204        6.4433432334577248        3.3607514568255938        1.4957784326189842       0.59469645835795126       0.21392810191869796        7.0009624635875733E-002   2.0928781109957571E-002   5.7379563296327029E-003   1.4463603588864707E-003   3.2363540520310367E-004   0.0000000000000000     
   0.0000000000000000        11.008614860813321        15.328003069508334        17.043518214373194        17.691613690328023        17.905202578687515        17.922810619666535        17.771878999295652        17.298515575222272        16.062856881100160        12.980759280038880        5.0546093370427645        1.9721606077036555       0.73493676069586900       0.25538141365663247        8.1916558859212799E-002   2.4184484994919840E-002   6.5759772963149502E-003   1.6481044096665310E-003   3.6731932511393671E-004   0.0000000000000000     
