   0.0000000000000000        22.502495557619930        37.554239457935722        48.639925228873736        56.925095278698535        62.870671162802807        66.669726282066080        68.375087827955966        67.915442996363865        65.013574313309888        58.858272482113712        46.830324181949180        39.036867364833192        32.843955502276160        27.408926332227470        22.401382095957537        17.664295404122612        13.108793033949752        8.6756639740000523        4.3192455349000749        0.0000000000000000     
   0.0000000000000000        16.242747547360935        29.566649069456336        40.083334200693756        48.150737234574450        54.011078308058771        57.793350695897473        59.542092202931798        59.226684689742598        56.733819569212336        51.889214872978243        44.806458234464344        38.326441453254560        32.549125546879623        27.271503258036553        22.332818266310490        17.628889871899311        13.090367675249761        8.6664059803631464        4.3153863210561028        0.0000000000000000     
   0.0000000000000000        12.931597843868211        24.445036085583130        34.062327375243228        41.695130745409585        47.363847482625658        51.104061036808268        52.942247741748901        52.895643281743737        50.992861511342483        47.347547262870066        42.366611765167747        37.093007555287258        31.922824528295259        26.947781465896714        22.162827544434585        17.538851249632856        13.042904292304712        8.6424005064084781        4.3053482060465553        0.0000000000000000     
   0.0000000000000000        11.068360023447257        21.278331066366089        30.112110572977414        37.315300481585638        42.779413181283402        46.470353270259395        48.396196585859713        48.601038471941990        47.181493038463103        44.330738955101026        40.406193339958534        35.935845359437053        31.269606096247230        26.586609109077777        21.965188898446328        17.431556395506249        12.985520213823223        8.6131381010791834        4.2930604332505533        0.0000000000000000     
   0.0000000000000000        10.093263464263609        19.546578595644622        27.878785471800583        34.786237018281554        40.102444830785480        43.755297319319752        45.740148998670591        46.111080268264544        44.988390321109122        42.576960230935903        39.178336610776284        35.154267330053763        30.801367938184519        26.316498550963249        21.813092246432404        17.347438325005889        12.940004541736576        8.5897658046130339        4.2832098622128623        0.0000000000000000     
   0.0000000000000000        9.7878675185408994        18.994695392079009        27.156517803008160        33.960106880079273        39.223125143799621        42.861797219138751        44.867023959700944        45.295002567139051        44.271084851631812        41.999613087795368        38.762684872035891        34.881212294882793        30.633322324798822        26.217563484787739        21.756572912448185        17.315873220792632        12.922816298500816        8.5809052669736126        4.2794676472089632        0.0000000000000000     
   0.0000000000000000        10.093263498309684        19.546578662876648        27.878785570525231        34.786237146020426        40.102444984341886        43.755297494861750        45.740149191829573        46.111080474246315        44.988390534814400        42.576960447088553        39.178336824054057        35.154267535219347        30.801368130213170        26.316498725164710        21.813092398563533        17.347438451371360        12.940004639276118        8.5897658709720695        4.2832098957950127        0.0000000000000000     
   0.0000000000000000        11.068360092219661        21.278331202169348        30.112110772387446        37.315300739594861        42.779413491434376        46.470353624812859        48.396196975992638        48.601038887971320        47.181493470090608        44.330739391670221        40.406193770720023        35.935845773812382        31.269606484087834        26.586609460910424        21.965189205700543        17.431556650718534        12.985520410813304        8.6131382350934551        4.2930605010687364        0.0000000000000000     
   0.0000000000000000        12.931597948666088        24.445036292509950        34.062327679071522        41.695131138505630        47.363847955150916        51.104061576972747        52.942248336111888        52.895643915554970        50.992862168913149        47.347547927966190        42.366612421412654        37.093008186565029        31.922825119144278        26.947782001883883        22.162828012502114        17.538851638409881        13.042904592376775        8.6424007105384604        4.3053483093394274        0.0000000000000000     
   0.0000000000000000        16.242747689987461        29.566649351028325        40.083334614077017        48.150737769378424        54.011078950900078        57.793351430740032        59.542093011493883        59.226685551960330        56.733820463745047        51.889215777742422        44.806459127182237        38.326442312002328        32.549126350622601        27.271503987138768        22.332818903006292        17.628890400718070        13.090368083384007        8.6664062579738985        4.3153864615069999        0.0000000000000000     
   0.0000000000000000        22.502495739511936        37.554239816864964        48.639925755722984        56.925095960229584        62.870671981968854        66.669727218439874        68.375088858247807        67.915444095011438        65.013575453123167        58.858273634955019        46.830325319432511        39.036868459022656        32.843956526367521        27.408927261197725        22.401382907165477        17.664296077849947        13.108793553871314        8.6756643275776373        4.3192457137046034        0.0000000000000000     
