   0.0000000000000000        18.075962241581038        28.847043687118930        35.936464124625815        40.634182537983563        43.505761227380134        44.824977707019421        44.699025972249139        43.084064781328081        39.704647712570534        33.728339004978608        22.495547852138273        16.058433059691644        11.718252113493346        8.5623039104196010        6.1888885215939595        4.3715087621233408        2.9556903019165581        1.8214120061911965       0.86686241111591067        0.0000000000000000     
   0.0000000000000000        11.816257911548837        20.859538765035133        27.379996693103891        31.859981054758798        34.646351568605063        35.948804869101664        35.866245246040094        34.395526225241383        31.425110749050489        26.759491160906336        20.471878589737102        15.348186772636456        11.423581828202384        8.4250186592493002        6.1204396215062804        4.3361948656113478        2.9373333112468440        1.8121993530510090       0.86302578211749337        0.0000000000000000     
   0.0000000000000000        8.5052225846649598        15.738149575326727        21.359313507549558        25.404784525574286        27.999600452070148        29.260046123268879        29.266963522497836        28.065060268153836        25.684722993030718        22.218372872735568        18.032547199790717        14.115223286147064        10.797698972888833        8.1016578230109122        5.9507499048014303        4.2463962459939122        2.8900489938720773        1.7883126338821602       0.85304682126105247        0.0000000000000000     
   0.0000000000000000        6.6421261444921278        12.571721186842282        17.409496755014608        21.025461011764946        23.415759117796135        24.626994618303293        24.721607967468749        23.771166775502962        21.874059474106165        19.202243587209161        16.072765470970729        12.958642573846298        10.144997441085783        7.7409316526109926        5.7534833397889340        4.1393980667295072        2.8328862645270849        1.7591970257073068       0.84083217116377762        0.0000000000000000     
   0.0000000000000000        5.6671439618563433        10.840192510186904        15.176495293657251        18.496807508471967        20.739270476432743        21.912469581158938        22.066123118843585        21.281784024100787        19.681527060427815        17.449014187249155        14.845423823787073        12.177534958869551        9.6771774493688287        7.4711820534621936        5.6016876958312274        4.0555200014175465        2.7875496600530223        1.7359434854500910       0.83104075500378638        0.0000000000000000     
   0.0000000000000000        5.3617916961328547        10.288394772587468        14.454351221007474        17.670833930734062        19.860133985252055        21.019172229526767        21.193212979614096        20.465926075182079        18.964439374005217        16.871876812438806        14.429968774096935        11.904659552726173        9.5092915109080707        7.3723848151757538        5.5452832960350644        4.0240465370164546        2.7704297881570392        1.7271282906101819       0.82732112600228946        0.0000000000000000     
   0.0000000000000000        5.6671439701774862        10.840192526441271        15.176495317100116        18.496807538058466        20.739270510893192        21.912469619086160        22.066123158784102        21.281784064641791        19.681527100273030        17.449014225277594        14.845423859091415        12.177534990772171        9.6771774774168584        7.4711820774042081        5.6016877155802920        4.0555200170053602        2.7875496715810391        1.7359434930428916       0.83104075876925387        0.0000000000000000     
   0.0000000000000000        6.6421261618378624        12.571721220722974        17.409496803876202        21.025461073428907        23.415759189616367        24.626994697347303        24.721608050707623        23.771166859992690        21.874059557145362        19.202243666462088        16.072765544546385        12.958642640332490        10.144997499538601        7.7409317025064865        5.7534833809457844        4.1393980992136692        2.8328862885500348        1.7591970415289562       0.84083217900968277        0.0000000000000000     
   0.0000000000000000        8.5052226123748831        15.738149629443368        21.359313585585834        25.404784624049540        27.999600566758918        29.260046249489569        29.266963655414742        28.065060403066624        25.684723125626547        22.218372999284988        18.032547317274457        14.115223392310167        10.797699066223988        8.1016579026812678        5.9507499705171618        4.2463962978600334        2.8900490322261128        1.7883126591397946       0.85304683378453250        0.0000000000000000     
   0.0000000000000000        11.816257951470496        20.859538842975041        27.379996805470448        31.859981196539081        34.646351733717786        35.948805050809447        35.866245437383455        34.395526419455535        31.425110939927830        26.759491343078629        20.471878758858466        15.348186925460762        11.423581962559659        8.4250187739344646        6.1204397161014752        4.3361949402668447        2.9373333664478327        1.8121993893963420       0.86302580013289809        0.0000000000000000     
   0.0000000000000000        18.075962295517126        28.847043792334855        35.936464276263749        40.634182729283694        43.505761450143453        44.824977952160907        44.699026230383531        43.084065043331293        39.704647970069871        33.728339250733143        22.495548080285658        16.058433265852955        11.718252294740925        8.5623040651272539        6.1888886491968673        4.3715088628225054        2.9556903763642213        1.8214120551933228       0.86686243538601160        0.0000000000000000     
